122673
122673
122673
122673
122668
122668
122668
122668
122668
122668
122655
122655
122655
122655
122655
122655
107169
122641
122641
122641
122641
123466
124907
124907
124870
122665
122665
122665
124940
122673
122673
122673
122673
122673
124896
122680
122680
122680
122680
122680
122680
124862
122671
122671
122671
124896
122681
122681
122681
122681
122681
124896
122703
122703
122703
122703
122703
122703
124853
122677
122677
122677
122677
122677
124908
122691
122691
122691
122691
122691
124864
122676
122676
122676
122676
122676
122676
124898
122678
122678
122678
122678
122678
124866
122691
122691
122691
122691
124872
122698
122698
122698
122698
122698
124889
122686
122686
122686
122686
122686
124888
122694
122694
122694
122694
122694
122694
124833
122694
122694
122694
122694
122694
124896
122684
122684
122684
122684
122684
122684
122684
122681
122681
122681
122681
122681
124904
122678
122678
122678
122678
122678
124894
122673
122673
122673
124905
122651
122651
122651
122651
122651
122651
124909
122631
122631
122631
122631
122631
124919
122655
122655
122655
122655
122655
122655
124886
122655
122655
122655
122655
122655
124942
122660
122660
122660
122660
122660
124929
57863
57863
57863
57863
57863
57863
124989
74269
124948
124949
124967
124957
124907
124907
124907
124907
124907
124907
124907
124907
124907
124907
124907
124907
124970
124870
124870
124870
124870
124870
124949
124940
124940
124940
124940
124940
124940
124922
124896
124896
124896
124896
124896
124920
124862
124862
124862
124862
124862
124862
124894
124896
124896
124896
124926
124896
124896
124896
124896
124896
124934
124853
124853
124853
124853
124853
124853
124908
124908
124908
124908
124908
124908
124981
124864
124864
124864
124864
124864
124902
124898
124898
124898
124898
124898
124898
124880
124866
124866
124866
124866
124866
124840
124872
124872
124872
124872
124804
124889
124889
124889
124889
124889
124733
124888
124888
124888
124888
124888
124754
124833
124833
124833
124833
124833
124833
124896
124896
124896
124896
124896
124896
124746
122684
122684
122684
122684
122684
124696
124904
124904
124904
124904
124904
124904
124691
124894
124894
124894
124894
124894
124692
124905
124905
124905
124695
124909
124909
124909
124909
124909
124909
124702
124919
124919
124919
124919
124919
124695
124886
124886
124886
124886
124886
124886
124682
124942
124942
124942
124942
124942
124745
124929
124929
124929
124929
124929
124735
124989
124989
124989
124989
124989
124989
124782
124948
124751
124778
124781
124790
124920
124920
124920
124920
124920
124790
124970
124970
124970
124970
124970
124970
124827
124949
124949
124949
124949
124949
124798
124922
124922
124922
124922
124922
124922
124761
124920
124920
124920
124920
124920
124826
124894
124894
124894
124894
124894
124894
124926
124926
124926
124926
124800
124934
124934
124934
124934
124934
124850
124934
124934
124934
124934
124934
124814
124981
124981
124981
124981
124981
124981
124814
124902
124902
124902
124902
124902
124789
124880
124880
124880
124880
124880
124880
124729
124840
124840
124840
124840
124840
124765
124804
124804
124804
124804
124748
124733
124733
124733
124733
124733
124754
124754
124754
124754
124754
124754
124786
124702
124702
124702
124702
124702
124757
124746
124746
124746
124746
124746
124746
124703
124696
124696
124696
124696
124696
124724
124691
124691
124691
124691
124691
124691
124692
124692
124692
124692
124692
124692
124748
124695
124695
124695
124694
124702
124702
124702
124702
124702
124647
124695
124695
124695
124695
124695
124695
124669
124682
124682
124682
124682
124682
124656
124745
124745
124745
124745
124745
124745
124608
124735
124735
124735
124735
124735
124657
124782
124782
124782
124782
124782
124782
124751
124751
124643
124645
124649
124632
124790
124790
124580
124827
124827
124827
124827
124827
124645
124798
124798
124798
124798
124798
124591
124761
124761
124761
124761
124761
124761
124616
124826
124826
124826
124826
124826
124574
124817
124817
124817
124817
124817
124817
124513
124800
124800
124800
124800
124800
124573
124850
124850
124850
124559
124814
124814
124814
124814
124814
124814
124814
124814
124814
124814
124814
124814
124570
124789
124789
124789
124789
124789
124535
124729
124729
124729
124729
124729
124729
124568
124765
124765
124765
124765
124765
124527
124748
124748
124748
124748
124748
124748
124479
124733
124733
124733
124553
124786
124786
124786
124786
124786
124551
124757
124757
124757
124757
124757
124757
124512
124703
124703
124703
124703
124703
124571
124724
124724
124724
124724
124724
124588
124705
124705
124705
124705
124705
124705
124607
124748
124748
124748
124748
124748
124567
124694
124694
124694
124694
124509
124647
124647
124647
124647
124647
124477
124669
124669
124443
124656
124656
124656
124656
124656
124468
124608
124608
124608
124608
124608
124387
124657
124657
124657
124657
124657
124657
124348
124635
124635
124635
124635
124635
124251
124643
124643
124643
124643
124643
124643
124146
124645
124645
124164
124143
124122
124113
124645
124060
124591
124591
124591
124591
124591
124130
124616
124616
124616
124616
124616
124151
124574
124574
124574
124574
124574
124574
124182
124513
124513
124513
124513
124513
124168
124573
124573
124573
124573
124573
124573
124145
124559
124559
124559
124559
124559
124205
124814
124814
124814
124220
124570
124570
124570
124570
124570
124570
124570
124535
124535
124535
124535
124535
124263
124568
124568
124568
124568
124568
124268
124527
124527
124527
124527
124527
124527
124271
124479
124479
124479
124479
124479
124241
124553
124553
124553
124553
124553
124553
124227
124551
124551
124551
124254
124512
124512
124512
124512
124512
124255
124571
124571
124571
124571
124571
124250
124588
124588
124588
124588
124588
124588
124275
124607
124607
124607
124607
124607
124275
124567
124567
124567
124567
124567
124567
124224
124509
124509
124509
124509
124509
124277
124477
124477
124477
124477
124283
124443
124443
124443
124443
124443
124443
124468
124468
124468
124468
124468
124351
124387
124387
124387
124387
124387
124346
124348
124348
124348
124348
124348
124348
124343
124251
124251
124251
124251
124251
124350
124146
124146
124146
124146
124146
124146
124164
124164
124164
124164
124164
124164
124431
124407
124411
124398
124412
124130
124130
124130
124130
124130
124130
124368
124151
124151
124151
124151
124151
124432
124182
124182
124182
124182
124182
124182
124168
124168
124168
124168
124168
124168
124475
124145
124145
124145
124145
124145
124436
124205
124205
124205
124205
124205
124205
124387
124220
124220
124220
124474
124570
124570
124570
124570
124570
124497
124263
124263
124263
124263
124263
124263
124463
124268
124268
124268
124268
124268
124541
124271
124271
124271
124271
124271
124535
124241
124241
124241
124241
124241
124241
124543
124227
124227
124227
124227
124227
124550
124254
124254
124254
124254
124255
124255
124255
124255
124255
124255
124542
124250
124250
124250
124250
124250
124626
124275
124275
124275
124275
124275
124275
124275
124275
124275
124275
124275
124275
124711
124224
124224
124224
124224
124224
124692
124277
124277
124277
124277
124277
124277
124627
124283
124283
124283
124283
124677
124443
124443
124443
124443
124689
124351
124351
124351
124351
124351
124351
124351
124346
124346
124346
124346
124346
124699
124343
124343
124343
124343
124343
124653
124350
124350
124350
124350
124350
124350
124648
124359
124359
124359
124359
124359
124647
124431
124431
124431
124431
124431
124431
124431
124617
124597
124585
124574
124537
124432
124432
124432
124432
124432
124432
124507
124411
124411
124411
124411
124411
124477
124475
124475
124475
124475
124475
124475
124385
124436
124436
124436
124436
124436
124417
124387
124387
124387
124387
124387
124387
124474
124474
124474
124474
124474
124474
124394
124497
124497
124497
124335
124463
124463
124463
124463
124463
124309
124541
124541
124541
124541
124541
124541
124279
124535
124535
124535
124535
124535
124258
124543
124543
124543
124543
124543
124543
124228
124550
124550
124550
124550
124550
124272
124551
124551
124551
124551
124551
124242
124542
124542
124542
124542
124251
124626
124626
124626
124626
124626
124253
124626
124626
124626
124626
124626
124239
124711
124711
124711
124711
124711
124711
124188
124692
124692
124692
124692
124692
124222
124627
124627
124627
124627
124627
124627
124677
124677
124677
124677
124677
124677
124262
124689
124689
124689
124689
124229
124351
124351
124351
124351
124240
124699
124699
124699
124699
124699
124699
124259
124653
124653
124653
124653
124653
124228
124648
124648
124648
124648
124648
124648
124202
124647
124647
124647
124647
124647
124253
124431
124431
124431
124431
124431
124431
124617
124617
124617
124617
124617
124617
124279
124257
124243
124225
124211
124507
124507
124507
124507
124507
124507
124137
124477
124477
124477
124477
124477
124194
124385
124385
124385
124385
124385
124151
124417
124417
124417
124417
124417
124417
124125
124364
124364
124364
124364
124364
124137
124394
124394
124394
124394
124394
124394
124105
124335
124335
124335
124095
124309
124309
124309
124309
124309
124137
124279
124279
124279
124279
124279
124124
124258
124258
124258
124258
124258
124258
124180
124228
124228
124228
124228
124228
124157
124272
124272
124272
124272
124272
124272
124158
124242
124242
124242
124242
124242
124150
124251
124251
124251
124251
124149
124253
124253
124253
124253
124253
124137
124239
124239
124239
124239
124239
124164
124188
124188
124188
124188
124188
124188
124222
124222
124148
124207
124207
124207
124207
124207
124207
124169
124262
124262
124262
124262
124262
124152
124229
124229
124229
124229
124229
124229
124101
124240
124240
124240
124162
124259
124259
124259
124259
124259
124132
124228
124228
124228
124228
124228
124228
124228
124202
124202
124202
124202
124202
124159
124253
124253
124253
124253
124253
124129
124222
124222
124222
124222
124222
124222
124151
124279
124279
124279
124279
124279
124133
124257
124257
124257
124257
124257
124144
124133
124114
124141
124137
124145
124194
124194
124194
124194
124194
124127
124151
124151
124151
124151
124151
124151
124077
124125
124125
124125
124125
124125
124116
124137
124137
124137
124137
124137
124137
124105
124105
124105
124105
124105
124105
124148
124095
124095
124095
124095
124095
124068
124137
124137
124137
124025
124124
124124
124124
124124
124124
124124
123919
124180
124180
124180
124180
124180
123889
124157
124157
124157
124157
124157
124157
124158
124158
124158
124158
124158
124158
123798
124150
124150
124150
124150
124150
123733
124149
124149
124149
124149
124149
124149
123667
124137
124137
124137
123709
124164
124164
124164
124164
124164
123668
124128
124128
124128
124128
124128
124128
123628
124148
124148
124148
124148
124148
123690
124169
124169
124169
124169
124169
123668
124152
124152
124152
124152
124152
124152
123674
124101
124101
124101
124101
124101
123667
124162
124162
124162
124162
123693
124132
124132
124132
124132
124132
123710
124228
124228
124228
124228
124228
123768
124159
124159
124159
124159
124159
124159
124159
124129
124129
124129
124129
124129
123827
124151
124151
124151
124151
124151
123843
124133
124133
124133
124133
124133
124133
123851
124144
124144
124144
124144
124144
123831
123824
123804
123788
124145
123800
124127
124127
124127
124127
124127
124127
124077
124077
124077
124077
124077
124077
123836
124116
124116
124116
124116
124116
123793
124111
124111
124111
124111
124111
124111
123811
124148
124148
124148
124148
124148
123789
124068
124068
124068
124068
124068
124068
123723
124025
124025
124025
123721
123919
123919
123919
123919
123919
123753
123889
123889
123889
123889
123889
123889
123784
123784
123784
123784
123784
123784
123778
123798
123798
123798
123798
123798
123754
123733
123733
123733
123733
123733
123733
123719
123667
123667
123667
123667
123667
123758
123709
123709
123709
123774
123668
123668
123668
123668
123668
123668
123722
123628
123628
123628
123628
123628
123794
123690
123690
123690
123690
123690
123773
123668
123668
123668
123668
123668
123668
123773
123674
123674
123674
123674
123674
123745
123667
123667
123667
123667
123667
123667
123682
123693
123693
123693
123709
123710
123710
123710
123710
123710
123692
123768
123768
123768
123768
123768
123685
124159
124159
124159
124159
124159
124159
123724
123827
123827
123827
123827
123827
123717
123843
123843
123843
123843
123843
123843
123688
123851
123851
123851
123851
123851
123737
123831
123831
123831
123831
123831
123831
123831
123729
123728
123741
123738
123775
123775
123775
123775
123775
123775
123772
123836
123836
123836
123836
123836
123778
123793
123793
123793
123793
123793
123793
123741
123811
123811
123811
123811
123811
123792
123789
123789
123789
123789
123789
123780
123723
123723
123723
123723
123723
123723
123814
123721
123721
123721
123833
123753
123753
123753
123753
123753
123790
123731
123731
123731
123731
123731
123731
123773
123778
123778
123778
123778
123778
123779
123754
123754
123754
123754
123754
123754
123722
123719
123719
123719
123719
123719
123751
123758
123758
123758
123758
123758
123697
123774
123774
123774
123774
123672
123722
123722
123722
123722
123722
123632
123794
123794
123794
123794
123794
123548
123773
123773
123773
123773
123773
123773
123495
123773
123773
123773
123773
123773
123433
123745
123745
123745
123745
123745
123745
123346
123682
123682
123682
123682
123682
123341
123709
123709
123709
123709
123367
123692
123692
123692
123692
123692
123294
123685
123685
123685
123685
123685
123351
123724
123724
123724
123724
123724
123337
123717
123717
123717
123717
123717
123717
123402
123688
123688
123688
123688
123688
123397
123737
123737
123737
123737
123737
123737
123411
123831
123831
123831
123831
123831
123439
123444
123447
123444
123466
123772
123772
123772
123772
123772
123772
123778
123778
123778
123778
123778
123778
123512
123741
123741
123741
123741
123741
123498
123792
123792
123792
123792
123792
123792
123498
123780
123780
123780
123780
123780
123556
123814
123814
123814
123814
123814
123814
123540
123833
123833
123833
123613
123790
123790
123790
123790
123790
123645
123773
123773
123773
123773
123773
123773
123779
123779
123779
123779
123779
123779
123695
123722
123722
123722
123722
123722
123666
123751
123751
123751
123751
123751
123751
123695
123697
123697
123650
123672
123672
123672
123672
123672
123659
123632
123632
123632
123652
123548
123548
123548
123548
123548
123548
123633
123495
123495
123495
123495
123495
123673
123433
123433
123433
123433
123433
123645
123346
123346
123346
123346
123346
123346
123668
123341
123341
123341
123341
123341
123653
123367
123367
123367
123367
123367
123367
123585
123294
123294
123294
123653
123351
123351
123351
123351
123351
123625
123337
123337
123337
123337
123337
123337
123587
123402
123402
123402
123402
123402
123624
123397
123397
123397
123397
123397
123591
123411
123411
123411
123411
123411
123411
123581
123439
123439
123439
123439
123439
123588
123444
123444
123444
123444
123444
123584
123614
123634
123627
123633
123512
123512
123512
123498
123498
123498
123498
123498
123498
123691
123498
123498
123498
123498
123498
123659
123556
123556
123556
123556
123556
123556
123621
123540
123540
123540
123540
123540
123676
123613
123613
123613
123613
123613
123613
123641
123645
123645
123645
123686
123622
123622
123622
123622
123622
123721
123695
123695
123695
123695
123695
123696
123666
123666
123666
123666
123666
123666
123732
123695
123695
123695
123695
123695
123701
123650
123650
123650
123650
123650
123650
123642
123659
123659
123659
123659
123659
123694
123652
123652
123652
123652
123652
123700
123633
123633
123633
123633
123651
123673
123673
123673
123673
123673
123724
123645
123645
123645
123645
123645
123729
123668
123668
123668
123668
123668
123668
123761
123653
123653
123653
123653
123653
123760
123585
123585
123585
123585
123585
123585
123693
123653
123653
123653
123653
123653
123751
123625
123625
123625
123715
123587
123587
123587
123587
123587
123587
123666
123624
123624
123624
123624
123624
123686
123591
123591
123591
123591
123591
123617
123581
123581
123581
123581
123581
123581
123587
123588
123588
123588
123588
123588
123499
123584
123584
123584
123584
123584
123584
123411
123614
123614
123387
123374
123368
123349
123615
123615
123346
123691
123691
123691
123691
123691
123691
123659
123659
123659
123659
123659
123659
123399
123621
123621
123621
123621
123621
123375
123676
123676
123676
123676
123676
123676
123384
123641
123641
123641
123641
123641
123430
123686
123686
123686
123686
123686
123686
123411
123721
123721
123721
123424
123696
123696
123696
123696
123696
123496
123732
123732
123732
123732
123732
123732
123701
123701
123701
123701
123701
123701
123567
123642
123642
123642
123642
123642
123529
123694
123694
123694
123694
123694
123694
123534
123700
123700
123700
123700
123700
123529
123651
123651
123651
123539
123724
123724
123724
123724
123724
123724
123513
123729
123729
123729
123729
123729
123531
123761
123761
123761
123761
123761
123761
123760
123760
123760
123760
123760
123760
123583
123693
123693
123693
123693
123693
123560
123751
123751
123751
123751
123751
123751
123552
123715
123715
123715
123516
123666
123666
123666
123666
123666
123517
123686
123686
123686
123686
123686
123686
123463
123617
123617
123617
123617
123617
123525
123587
123587
123587
123587
123587
123587
123499
123499
123499
123499
123499
123499
123568
123411
123411
123411
123411
123411
123530
123387
123387
123387
123387
123387
123569
123563
123563
123562
123569
123340
123340
123340
123559
123399
123399
123399
123399
123399
123570
123375
123375
123375
123375
123375
123375
123384
123384
123384
123384
123384
123384
123567
123430
123430
123430
123430
123430
123562
123411
123411
123411
123411
123411
123411
123592
123424
123424
123424
123554
123496
123496
123496
123496
123496
123565
123480
123480
123480
123480
123480
123480
123550
123567
123567
123567
123567
123567
123562
123529
123529
123529
123529
123529
123529
123512
123534
123534
123534
123534
123534
123568
123529
123529
123529
123529
123529
123534
123539
123539
123539
123539
123539
123539
123508
123513
123513
123513
123507
123531
123531
123531
123531
123531
123494
123532
123532
123532
123532
123532
123532
123443
123583
123583
123583
123583
123583
123507
123560
123560
123560
123560
123560
123560
123552
123552
123552
123552
123552
123552
123558
123516
123516
123516
123516
123516
123540
123517
123517
123517
123553
123463
123463
123463
123463
123463
123463
123580
123525
123525
123525
123525
123525
123572
123501
123501
123501
123501
123501
123501
123535
123568
123568
123568
123568
123568
123574
123530
123530
123530
123530
123530
123570
123569
123569
123569
123569
123569
123569
123581
123563
123563
123563
123569
123582
123579
123598
123559
123559
123559
123572
123570
123570
123570
123570
123570
123570
123541
123541
123541
123541
123541
123541
123557
123567
123567
123567
123567
123567
123476
123562
123562
123562
123562
123562
123562
123391
123592
123592
123592
123592
123592
123356
123554
123554
123554
123554
123290
123565
123267
123550
123550
123550
123550
123550
123550
123211
123562
123562
123562
123562
123562
123271
123512
123512
123512
123512
123512
123252
123568
123568
123568
123568
123568
123568
123289
123534
123534
123534
123534
123534
123273
123508
123508
123508
123508
123508
123508
123242
123507
123507
123507
123275
123494
123494
123494
123494
123494
123265
123443
123443
123443
123443
123443
123443
123507
123507
123507
123507
123507
123507
123313
123498
123498
123498
123498
123498
123331
123558
123558
123558
123558
123558
123558
123330
123540
123540
123540
123540
123540
123349
123553
123553
123553
123553
123553
123354
123580
123580
123580
123580
123310
123572
123572
123572
123572
123572
123373
123535
123535
123535
123535
123535
123535
123574
123574
123574
123574
123574
123574
123430
123570
123570
123570
123570
123570
123418
123581
123581
123581
123581
123581
123581
123395
123569
123569
123569
123569
123569
123443
123582
123479
123466
123483
123506
123562
123562
123562
123562
123479
123557
123557
123557
123557
123557
123557
123454
123476
123476
123476
123476
123476
123453
123391
123391
123391
123391
123391
123391
123391
123356
123356
123356
123356
123356
123450
123290
123290
123290
123290
123290
123426
123267
123267
123267
123267
123267
123211
123211
123211
123211
123211
123452
123271
123271
123271
123271
123271
123414
123252
123252
123252
123252
123252
123252
123362
123289
123289
123289
123289
123289
123445
123273
123273
123273
123273
123273
123273
123242
123242
123242
123242
123242
123242
123473
123275
123275
123275
123275
123450
123265
123265
123265
123265
123450
123247
123247
123247
123247
123247
123247
123479
123313
123313
123313
123313
123313
123464
123331
123331
123331
123331
123331
123331
123414
123330
123330
123330
123330
123330
123482
123349
123349
123349
123349
123349
123487
123354
123354
123354
123354
123354
123354
123548
123310
123310
123310
123560
123373
123373
123373
123373
123373
123536
123382
123382
123382
123382
123382
123382
123515
123430
123430
123430
123430
123430
123533
123418
123418
123418
123418
123418
123418
123503
123395
123395
123395
123395
123395
123553
123443
123443
123443
123443
123443
123518
123479
123479
123519
123518
123513
123524
123479
123479
123479
123479
123479
123480
123454
123454
123454
123454
123454
123543
123453
123453
123453
123453
123453
123453
123391
123391
123391
123391
123391
123391
123565
123450
123450
123450
123450
123450
123533
123426
123426
123426
123426
123426
123426
123462
123267
123267
123267
123493
123452
123452
123452
123452
123452
123412
123414
123414
123414
123414
123414
123414
123303
123362
123362
123362
123362
123362
123319
123445
123445
123445
123445
123445
123223
123426
123426
123426
123426
123426
123426
123171
123473
123473
123473
123473
123473
123103
123450
123450
123450
123450
123450
123072
123450
123450
123450
123450
123040
123479
123479
123479
123479
123479
123031
123464
123464
123464
123464
123464
123464
123017
123414
123414
123414
123414
123414
123077
123482
123482
123482
123482
123482
123081
123487
123487
123487
123487
123487
123487
123120
123548
123548
123548
123548
123548
123091
123560
123560
123560
123112
123536
123536
123536
123536
123536
123536
123078
123515
123515
123515
123515
123515
123137
123533
123533
123533
123533
123533
123533
123533
123503
123503
123503
123503
123503
123161
123553
123553
123553
123553
123553
123167
123518
123518
123518
123518
123518
123518
123199
123519
123519
123190
123235
123261
123234
123480
123480
123480
123480
123480
123324
123543
123543
123543
123543
123543
123316
123543
123543
123543
123543
123543
123543
123339
123565
123565
123565
123565
123565
123341
123533
123533
123533
123533
123533
123533
123301
123462
123462
123462
123462
123462
123349
123493
123493
123493
123355
123412
123412
123412
123412
123412
123412
123412
123303
123303
123303
123303
123303
123351
123319
123319
123319
123319
123319
123330
123223
123223
123223
123223
123223
123223
123345
123171
123171
123171
123171
123171
123312
123103
123103
123103
123103
123103
123103
123238
123072
123072
123072
123072
123286
123040
123040
123040
123040
123316
123031
123031
123031
123031
123031
123031
123017
123017
123017
123017
123017
123017
123333
123077
123077
123077
123077
123077
123306
123081
123081
123081
123081
123081
123081
123280
123120
123120
123120
123120
123120
123313
123091
123091
123091
123091
123091
123091
123112
123112
123112
123112
123282
123078
123078
123078
123078
123078
123354
123137
123137
123137
123137
123137
123346
123533
123533
123533
123533
123533
123533
123387
123161
123161
123161
123161
123161
123388
123167
123167
123167
123167
123167
123167
123348
123199
123199
123199
123199
123199
123409
123190
123190
123393
123413
123430
123468
123324
123465
123316
123316
123316
123316
123316
123316
123495
123339
123339
123489
123341
123341
123341
123341
123341
123500
123301
123301
123301
123301
123301
123301
123476
123349
123349
123349
123349
123349
123517
123355
123355
123355
123355
123355
123522
123412
123412
123412
123412
123527
123351
123351
123351
123351
123351
123552
123330
123330
123330
123330
123330
123543
123345
123345
123345
123345
123345
123345
123534
123312
123312
123312
123312
123312
123560
123238
123238
123238
123238
123238
123238
123518
123286
123286
123286
123286
123286
123576
123316
123316
123316
123316
123543
123288
123288
123288
123288
123537
123333
123333
123333
123333
123333
123333
123576
123306
123306
123306
123306
123306
123518
123280
123280
123280
123280
123280
123280
123397
123313
123313
123313
123313
123313
123365
123289
123289
123289
123289
123289
123281
123282
123282
123282
123282
123282
123282
123210
123354
123354
123354
123148
123346
123346
123346
123346
123346
123056
123387
123387
123387
123387
123387
123387
122991
123388
123388
123388
123388
123388
123005
123348
123348
123348
123348
123348
123348
122963
123409
123409
123409
123409
123409
123010
123393
123393
123393
123393
123393
123393
123413
123413
123413
123043
123060
123089
123039
123495
123495
123495
123103
123489
123489
123489
123489
123489
123121
123500
123500
123500
123500
123500
123500
123476
123476
123476
123476
123476
123476
123189
123517
123517
123517
123517
123517
123157
123522
123522
123522
123522
123522
123522
123140
123527
123527
123527
123527
123180
123552
123552
123552
123552
123204
123543
123543
123543
123543
123543
123543
123154
123534
123534
123534
123534
123534
123228
123560
123560
123560
123560
123560
123240
123518
123518
123518
123518
123518
123518
123286
123576
123576
123576
123576
123576
123287
123543
123543
123543
123543
123543
123543
123248
123537
123537
123537
123300
123576
123576
123576
123576
123576
123314
123518
123518
123518
123518
123518
123518
123518
123397
123397
123397
123397
123397
123367
123365
123365
123365
123365
123365
123336
123281
123281
123281
123281
123281
123281
123352
123210
123210
123210
123210
123210
123339
123148
123148
123148
123326
123056
123056
123056
123056
123056
123056
123302
122991
122991
122991
122991
122991
123311
123005
123005
123005
123005
123005
123005
123272
122963
122963
122963
122963
122963
123322
123010
123010
123010
123010
123010
123283
123020
123020
123020
123020
123020
123020
123309
123043
123043
123043
123308
123325
123336
123334
123103
123334
123121
123121
123121
123121
123121
123121
123307
123118
123118
123118
123118
123118
123377
123189
123189
123189
123189
123189
123371
123157
123157
123157
123157
123157
123157
123394
123140
123140
123140
123140
123140
123380
123180
123180
123180
123180
123180
123180
123336
123204
123204
123204
123374
123154
123154
123154
123154
123154
123408
123228
123228
123228
123228
123228
123228
123372
123240
123240
123240
123240
123240
123432
123286
123286
123286
123286
123286
123286
123287
123287
123287
123287
123287
123287
123466
123248
123248
123248
123248
123248
123438
123300
123300
123300
123443
123314
123314
123314
123314
123314
123314
123455
123518
123518
123518
123518
123518
123455
123367
123367
123367
123367
123367
123367
123418
123336
123336
123336
123336
123336
123484
123352
123352
123352
123352
123352
123495
123339
123339
123339
123339
123339
123339
123513
123326
123326
123326
123519
123302
123302
123302
123302
123302
123520
123311
123311
123311
123311
123311
123311
123512
123272
123272
123272
123272
123272
123525
123322
123322
123322
123322
123322
123322
123322
123283
123283
123283
123283
123283
123563
123309
123309
123309
123309
123309
123537
123308
123308
123308
123308
123308
123308
123533
123539
123518
123468
123405
123307
123339
123377
123377
123377
123377
123377
123248
123371
123371
123371
123371
123371
123371
123186
123394
123394
123394
123394
123394
123085
123380
123380
123380
123380
123380
123380
122979
123336
123336
123336
123336
123336
122997
123374
123374
123374
123374
123374
122952
123408
123408
123408
123408
123372
123372
123372
123372
123372
123372
122944
123432
123432
123432
123432
123432
122931
123422
123422
123422
123422
123422
123422
122920
123466
123466
123466
123466
123466
122958
123438
123438
123438
123438
123438
123438
123438
123443
123443
123443
123443
123443
123063
123455
123455
123455
123065
123455
123455
123455
123455
123455
123092
123418
123418
123418
123418
123418
123418
123165
123484
123484
123484
123484
123484
123141
123495
123495
123495
123495
123495
123495
123104
123513
123513
123513
123513
123513
123154
123519
123519
123519
123519
123519
123137
123520
123520
123520
123520
123193
123512
123512
123512
123512
123512
123201
123525
123525
123525
123525
123525
123219
123322
123322
123322
123322
123322
123322
123230
123563
123563
123563
123563
123563
123262
123537
123537
123261
123533
123533
123533
123533
123533
123533
123225
123539
123539
123539
123539
123539
123278
123518
123518
123258
123279
123290
123278
123248
123284
123186
123186
123186
123186
123186
123186
123273
123085
123085
123085
123085
123085
123295
122979
122979
122979
122979
122979
122979
123253
122997
122997
122997
122997
122997
123302
122952
122952
122952
122952
122952
123292
122903
122903
122903
122903
122903
122903
123295
122944
122944
122944
123319
122931
122931
122931
122931
122931
123298
122920
122920
122920
122920
122920
122920
123256
122958
122958
122958
122958
122958
123309
123438
123438
123438
123438
123438
123438
123438
123063
123063
123063
123063
123063
123332
123065
123065
123065
123065
123065
123309
123092
123092
123092
123092
123092
123165
123165
123165
123165
123165
123344
123141
123141
123141
123141
123141
123321
123104
123104
123104
123104
123104
123104
123325
123154
123154
123154
123154
123154
123321
123137
123137
123137
123137
123137
123137
123279
123193
123193
123193
123193
123193
123345
123201
123201
123201
123321
123219
123219
123219
123219
123219
123219
123219
123230
123230
123230
123230
123230
123368
123262
123262
123262
123262
123262
123368
123261
123261
123261
123261
123261
123261
123371
123225
123225
123225
123225
123225
123395
123278
123278
123278
123278
123278
123278
123371
123258
123258
123258
123258
123258
123428
123400
123372
123363
123372
123273
123273
123273
123273
123341
123295
123295
123295
123295
123295
123295
123293
123253
123253
123253
123253
123253
123345
123302
123302
123302
123302
123302
123316
123292
123292
123292
123292
123292
123292
123350
123295
123295
123295
123295
123295
123331
123319
123319
123319
123345
123298
123298
123298
123298
123298
123298
123352
123256
123256
123256
123256
123256
123375
123309
123309
123309
123309
123309
123309
123328
123438
123438
123438
123438
123438
123406
123332
123332
123332
123332
123332
123394
123309
123309
123309
123309
123309
123309
123403
123092
123092
123092
123319
123344
123344
123344
123344
123344
123230
123321
123321
123321
123321
123321
123321
123185
123325
123325
123325
123325
123325
123062
123321
123321
123321
123321
123321
123321
122930
123279
123279
123279
123279
123279
122912
123345
123345
123345
123345
123345
123345
123321
123321
123321
123321
123321
123321
122882
123219
123219
123219
122871
123368
123368
123368
123368
123368
122856
123368
123368
123368
123368
123368
123368
122935
123371
123371
123371
123371
123371
122924
123395
123395
123395
123395
123395
123395
122903
123371
123371
123371
123371
123371
122962
123428
123428
123428
123428
123428
123428
123400
122989
123013
123029
123055
123341
123341
123341
123341
123341
123341
123060
123293
123293
123293
123293
123293
123115
123345
123345
123345
123345
123345
123345
123091
123316
123316
123316
123316
123316
123195
123350
123350
123350
123350
123350
123212
123331
123331
123331
123331
123331
123331
123242
123345
123345
123345
123237
123352
123352
123352
123352
123352
123240
123375
123375
123375
123375
123375
123375
123226
123328
123328
123328
123328
123328
123250
123406
123406
123406
123406
123406
123406
123394
123394
123394
123394
123394
123394
123292
123403
123403
123403
123403
123403
123253
123319
123319
123319
123319
123270
123230
123230
123230
123230
123230
123297
123185
123185
123185
123185
123185
123289
123062
123062
123062
123062
123062
123062
123246
122930
122930
122930
122930
122930
123311
122912
122912
122912
122912
122912
123304
122844
122844
122844
122844
122844
122844
123296
122882
122882
122882
122882
122882
123283
122871
122871
122871
123289
122856
122856
122856
122856
122856
122856
123278
122935
122935
122935
122935
122935
123299
122924
122924
122924
122924
122924
122924
122924
122903
122903
122903
122903
122903
123347
122962
122962
122962
122962
122962
123342
122944
122944
122944
122944
122944
122944
123309
122989
123349
123353
123356
123315
123060
123060
123060
123060
123060
123383
123115
123115
123115
123115
123115
123356
123091
123091
123091
123091
123091
123091
123358
123195
123195
123195
123195
123195
123358
123212
123212
123212
123212
123212
123212
123317
123242
123242
123242
123242
123242
123380
123237
123237
123237
123387
123240
123240
123240
123240
123240
123240
123363
123226
123226
123226
123226
123226
123423
123250
123250
123250
123250
123250
123419
123202
123202
123202
123202
123202
123202
123454
123292
123292
123292
123292
123292
123453
123253
123253
123253
123253
123253
123253
123393
123270
123270
123270
123270
123476
123297
123297
123297
123297
123488
123289
123289
123289
123289
123289
123289
123435
123246
123246
123246
123246
123246
123491
123311
123311
123311
123311
123311
123501
123304
123304
123304
123304
123304
123304
123504
123296
123296
123296
123296
123296
123481
123283
123283
123283
123283
123450
123289
123289
123289
123278
123278
123278
123278
123278
123303
123299
123299
123299
123299
123299
123277
122924
122924
122924
122924
122924
122924
123347
123347
123347
123347
123347
123347
123106
123342
123342
123342
123342
123342
122987
123309
123309
123309
123309
123309
123309
122908
123349
123349
123349
123349
123349
122876
122863
122857
122866
122891
123356
123356
123356
123356
123356
123358
123358
123358
123358
123358
123358
122990
123358
123358
123358
123358
123358
122991
123317
123317
123317
123317
123317
123317
123013
123380
123380
123380
123380
123380
123025
123387
123387
123387
123387
123387
123387
123020
123363
123363
123363
123058
123423
123423
123423
123423
123423
123078
123419
123419
123419
123419
123419
123419
123454
123454
123454
123454
123454
123454
123129
123453
123453
123453
123453
123453
123122
123393
123393
123393
123393
123393
123393
123097
123476
123476
123476
123476
123476
123144
123488
123488
123488
123488
123156
123435
123435
123435
123435
123435
123134
123491
123491
123491
123491
123491
123222
123501
123501
123501
123501
123501
123203
123504
123504
123504
123504
123504
123504
123224
123481
123481
123481
123481
123481
123208
123450
123450
123450
123450
123450
123450
123159
123289
123289
123289
123289
123289
123211
123303
123303
123303
123232
123277
123277
123277
123277
123277
123277
123193
123137
123137
123137
123137
123137
123243
123106
123106
123106
123106
123106
123238
122987
122987
122987
122987
122987
122987
123272
122908
122908
122908
122908
122908
123251
122876
122876
122876
122876
122876
122876
123214
122863
123231
123220
123216
123227
122926
123237
122990
122990
122990
122990
122990
122990
123229
122991
122991
122991
122991
122991
123246
123013
123013
123013
123013
123013
123013
123211
123025
123025
123025
123025
123025
123274
123020
123020
123020
123020
123020
123287
123058
123058
123058
123058
123058
123058
123303
123078
123078
123078
123341
123077
123077
123077
123077
123077
123329
123129
123129
123129
123129
123129
123129
123283
123122
123122
123122
123122
123122
123357
123097
123097
123097
123097
123097
123354
123144
123144
123144
123144
123144
123144
123406
123156
123156
123156
123156
123156
123350
123134
123134
123134
123372
123222
123222
123222
123222
123222
123222
123391
123203
123203
123203
123203
123203
123403
123224
123224
123224
123224
123224
123224
123365
123208
123208
123208
123208
123208
123419
123159
123159
123159
123159
123159
123400
123211
123211
123211
123211
123211
123211
123417
123232
123232
123232
123392
123193
123193
123193
123193
123193
123378
123243
123243
123243
123243
123243
123243
123383
123238
123238
123238
123238
123238
123367
123272
123272
123272
123272
123272
123272
123348
123251
123251
123251
123251
123251
123408
123214
123214
123214
123214
123214
123428
123231
123231
123231
123231
123231
123448
123462
123469
123462
123469
123229
123454
123246
123246
123246
123246
123246
123246
123475
123211
123211
123211
123211
123211
123448
123274
123274
123274
123274
123274
123274
123418
123287
123287
123287
123287
123287
123442
123303
123303
123303
123303
123303
123303
123399
123341
123341
123341
123341
123341
123454
123329
123329
123329
123436
123283
123283
123283
123283
123283
123427
123357
123357
123357
123357
123357
123357
123420
123354
123354
123354
123354
123354
123346
123406
123406
123406
123406
123406
123406
123228
123350
123350
123350
123350
123350
123216
123372
123372
123372
123372
123372
123101
123391
123391
123391
123391
123004
123403
123403
123403
123403
123403
123012
123365
123365
123365
123365
123365
122929
123419
123419
123419
123419
123419
123419
122941
123400
123400
123400
123400
123400
122913
123417
123417
123417
123417
123417
123417
122849
123392
123392
123392
123392
123392
122932
123378
123378
123378
122948
123383
123383
123383
123383
123383
123383
123367
123367
123367
123367
123367
123367
123022
123348
123348
123348
123348
123348
123010
123408
123408
123408
123408
123408
123408
123016
123428
123428
123428
123428
123428
123020
123448
123448
123448
123448
123448
123448
122993
123462
123462
123462
123462
123074
123081
123101
123106
123099
123475
123475
123475
123475
123184
123448
123448
123448
123448
123448
123175
123418
123418
123418
123418
123418
123418
123169
123442
123442
123442
123442
123442
123211
123399
123399
123399
123399
123399
123399
123399
123454
123454
123454
123454
123454
123259
123436
123436
123436
123259
123427
123427
123427
123427
123427
123273
123420
123420
123420
123420
123420
123420
123269
123346
123346
123346
123346
123346
123294
123228
123228
123228
123228
123228
123228
123216
123216
123216
123216
123216
123216
123329
123101
123101
123101
123101
123101
123275
123004
123004
123004
123004
123004
123264
123012
123012
123012
123012
123278
122929
122929
122929
122929
123222
122941
122941
122941
123202
122913
122913
122913
122913
122913
122913
123181
122849
122849
122849
122849
122849
123247
122932
122932
122932
122932
122932
123247
122948
122948
122948
122948
122948
122948
123270
122934
122934
122934
123265
123022
123022
123022
123022
123022
123289
123010
123010
123010
123010
123010
123010
123235
123016
123016
123016
123016
123016
123327
123020
123020
123020
123020
123020
123317
122993
122993
122993
122993
122993
122993
123361
123074
123074
123074
123074
123074
123355
123081
123081
123081
123081
123081
123081
123336
123365
123401
123399
123184
123416
123175
123175
123175
123175
123175
123175
123370
123169
123169
123169
123169
123169
123428
123211
123211
123211
123211
123211
123211
123211
123399
123399
123399
123399
123399
123426
123259
123259
123259
123259
123259
123365
123259
123259
123259
123259
123259
123259
123363
123273
123273
123273
123372
123269
123269
123269
123269
123269
123347
123294
123294
123294
123294
123294
123294
123297
123264
123264
123264
123264
123264
123343
123329
123329
123329
123329
123329
123341
123275
123275
123275
123275
123275
123275
123378
123264
123264
123264
123264
123264
123372
123278
123278
123278
123391
123222
123222
123222
123222
123222
123222
123408
123202
123202
123202
123202
123202
123401
123181
123181
123181
123181
123181
123181
123349
123247
123247
123247
123247
123247
123400
123247
123247
123247
123247
123247
123396
123270
123270
123270
123270
123270
123270
123404
123265
123265
123265
123371
123289
123289
123289
123289
123289
123369
123235
123235
123235
123235
123235
123235
123357
123327
123327
123327
123327
123327
123345
123317
123317
123317
123317
123317
123317
123361
123361
123361
123361
123361
123361
123386
123355
123355
123355
123355
123355
123340
123336
123336
123336
123336
123336
123336
123290
123275
123212
123122
123031
123370
123370
123370
123370
123370
123370
122933
123428
123428
123428
123428
123428
122830
123211
123211
123211
123211
123211
123211
122703
123426
123426
123426
123426
123426
122690
123365
123365
123365
123365
123365
123365
123363
123363
123363
123363
123363
123363
122682
123372
123372
123372
122674
123347
123347
123347
123347
123347
122643
123297
123297
123297
123297
123297
123297
122639
123343
123343
123343
123343
123343
122660
123341
123341
123341
123341
123341
123341
123341
123378
123378
123378
123378
123378
122691
123372
123372
123372
123372
123372
122733
123391
123391
123391
122765
123408
123408
123408
123408
123408
123408
122771
123401
123401
123401
123401
123401
122801
123349
123349
123349
123349
123349
123349
122782
123400
123400
123400
123400
123400
122844
123396
123396
123396
123396
123396
122844
123404
123404
123404
123404
123404
123404
122883
123371
123371
123371
122879
123369
123369
123369
123369
123369
122897
123357
123357
123357
123357
123357
123357
122916
123345
123345
123345
123345
123345
122947
123327
123327
123327
123327
123327
123327
122939
123386
123386
123386
123386
123386
123008
123340
123340
123340
123340
123340
123018
123290
123290
123290
123290
123290
123290
123088
123082
123061
123074
123031
123037
122933
122933
122933
122933
122933
123070
122830
122830
122830
122830
122830
122830
122703
122703
122703
122703
122703
122703
123077
122690
122690
122690
122690
122690
123048
122650
122650
122650
122650
122650
122650
123056
122682
122682
122682
122682
122682
123034
122674
122674
122674
123043
122643
122643
122643
122643
122643
122643
123063
122639
122639
122639
122639
122639
123099
122660
122660
122660
122660
122660
122660
123065
123341
123341
123341
123341
123341
123134
122691
122691
122691
122691
122691
123149
122733
122733
122733
122733
122733
122733
123240
122765
122765
122765
123210
122771
122771
122771
122771
122771
123207
122801
122801
122801
122801
122801
122801
123245
122782
122782
122782
122782
122782
123237
122844
122844
122844
122844
122844
122844
123196
122844
122844
122844
122844
122844
123248
122883
122883
122883
122883
122883
122883
122879
122879
122879
122879
123259
122897
122897
122897
122897
122897
123262
122916
122916
122916
122916
122916
123269
122947
122947
122947
122947
122947
122947
123295
122939
122939
122939
122939
122939
123275
123008
123008
123008
123008
123008
123008
123219
123018
123018
123018
123018
123018
123300
123088
123088
123088
123088
123088
123088
123088
123305
123306
123310
123266
123070
123070
123070
123339
123049
123049
123049
123049
123049
123303
123077
123077
123077
123077
123077
123077
123253
123048
123048
123048
123048
123048
123277
123056
123056
123056
123056
123056
123056
123056
123034
123034
123034
123034
123034
123281
123043
123043
123043
123276
123063
123063
123063
123063
123063
123063
123099
123099
123099
123099
123099
123099
123338
123065
123065
123065
123065
123065
123332
123134
123134
123134
123134
123318
123149
123149
123149
123149
123269
123240
123240
123240
123240
123240
123312
123210
123210
123210
123210
123210
123210
123207
123207
123207
123207
123257
123245
123245
123245
123245
123245
123298
123237
123237
123237
123237
123237
123270
123196
123196
123196
123196
123196
123196
123279
123248
123248
123248
123248
123248
123249
123240
123240
123240
123240
123240
123240
123161
123259
123259
123259
123259
123259
123149
123262
123262
123262
123262
123105
123269
123269
123269
123269
123269
122980
123295
123295
123295
123295
123295
122958
123275
123275
123275
123275
123275
122865
123219
123219
123219
123219
123219
123219
122828
123300
123300
123300
123300
123300
122768
123088
123088
123088
123088
123088
123088
123088
123305
123305
123305
123305
123305
122758
122741
122776
122808
122814
122866
123253
123253
123253
123253
123253
122881
123277
123277
123277
123277
123277
123277
122893
123056
123056
123056
123056
123056
122881
123281
123281
123281
123281
123281
123281
122816
123276
123276
123276
123276
123276
122855
123285
123285
123285
123285
123285
122856
123338
123338
123338
123338
122822
123332
123332
123332
123332
123332
122882
123318
123318
123318
123318
123318
122895
123269
123269
123269
123269
123269
123269
122932
123312
123312
123312
123312
123312
122930
123287
123287
123287
123287
123287
123287
122888
123257
123257
123257
123257
123257
122960
123298
123298
123298
122984
123270
123270
123270
123270
123270
123270
122938
123279
123279
123279
123279
123279
122983
123249
123249
123249
123249
123249
122981
123161
123161
123161
123161
123161
123161
123006
123149
123149
123149
123149
123149
122974
123105
123105
123105
123105
123105
123105
122921
122980
122980
122980
122980
122978
122958
122958
122958
122958
122989
122865
122865
122865
122865
122865
122865
122941
122828
122828
122828
122828
122828
122970
122768
122768
122768
122768
122768
122949
123088
123088
123088
123088
123088
123088
122984
122758
122758
122758
122758
122758
122960
122741
122741
122741
122741
122741
122741
122907
122973
122984
122998
123028
122881
122881
123058
122893
122893
122893
122893
122893
122893
123055
122881
122881
122881
122881
122881
123118
122816
122816
122816
122816
122816
122816
123101
122855
122855
122855
122855
122855
123161
122856
122856
122856
122856
122856
123133
122822
122822
122822
122822
123147
122882
122882
122882
122882
122882
123162
122895
122895
122895
122895
122895
123143
122932
122932
122932
122932
122932
122932
123163
122930
122930
122930
122930
122930
123133
122888
122888
122888
122888
122888
122888
123093
122960
122960
122960
122960
122960
123152
122984
122984
122984
122984
122984
122984
122938
122938
122938
122938
123136
122983
122983
122983
122983
122983
123215
122981
122981
122981
122981
122981
123202
123006
123006
123006
123006
123006
123006
123229
122974
122974
122974
122974
122974
123242
122921
122921
122921
122921
122921
122921
123186
122978
122978
122978
122978
122978
123253
122989
122989
122989
123253
122941
122941
122941
122941
122941
122941
123204
122970
122970
122970
122970
122970
123238
122949
122949
122949
122949
122949
123218
122984
122984
122984
122984
122984
122984
123218
122960
122960
122960
122960
122960
123136
122907
122907
122907
122907
122907
122907
123016
122973
122973
122973
122942
122839
122762
122681
122641
123055
123055
123055
123055
122598
123118
123118
123118
123118
123118
123118
123118
123101
123101
123101
123101
123101
122636
123161
123161
123161
123161
123161
122649
123133
123133
123133
123133
123133
123133
122716
123147
123147
123147
123147
123147
122755
123162
123162
123162
122811
123143
123143
123143
123143
123143
123143
122884
123163
123163
123163
123163
123163
122942
123133
123133
123133
123133
123133
123133
122930
123093
123093
123093
123093
123093
123049
123152
123152
123152
123152
123152
123044
123146
123146
123146
123146
123146
123146
123109
123136
123136
123136
123136
123094
123215
123215
123215
123215
123138
123202
123202
123202
123202
123202
123202
123129
123229
123229
123229
123229
123229
123172
123242
123242
123242
123242
123242
123242
123143
123186
123186
123186
123186
123186
123189
123253
123253
123253
123253
123253
123253
123253
123253
123253
123253
123253
123253
123229
123204
123204
123204
123223
123238
123238
123238
123238
123238
123219
123218
123218
123218
123218
123218
123218
123259
123218
123218
123218
123218
123218
123212
123136
123136
123136
123136
123136
123136
123167
123016
123016
123016
123016
123016
123196
122942
122942
122942
122942
122942
122942
122839
122839
123167
123183
123185
123204
122598
123204
123118
123118
123118
123118
123118
123118
123168
122636
122636
122636
122636
122636
123244
122649
122649
122649
122649
122649
122649
122716
122716
122716
122716
122716
122716
123254
122755
122755
122755
122755
122755
123211
122811
122811
123205
122884
122884
122884
122884
122884
122942
122942
122942
122942
122942
123166
122930
122930
122930
122930
122930
123240
123049
123049
123049
123049
123049
123207
123044
123044
123044
123044
123044
123044
123277
123109
123109
123109
123109
123109
123242
123094
123094
123094
123094
123094
123094
123244
123138
123138
123138
123138
123138
123274
123129
123129
123129
123293
123172
123172
123172
123172
123172
123172
123255
123143
123143
123143
123143
123143
123293
123189
123189
123189
123189
123189
123189
123184
123184
123184
123184
123184
123184
123313
123229
123229
123229
123229
123229
123274
123223
123223
123223
123223
123223
123223
123257
123219
123219
123219
123302
123259
123259
123259
123259
123259
123286
123212
123212
123212
123212
123212
123212
123242
123167
123167
123167
123167
123167
123308
123196
123196
123196
123196
123196
123308
123169
123169
123169
123169
123169
123169
123348
123167
123167
123167
123167
123167
123319
123183
123183
123183
123332
123320
123331
123330
123168
123168
123244
123244
123244
123244
123244
123244
123360
123207
123207
123207
123207
123207
123340
123254
123254
123254
123254
123254
123254
123361
123211
123211
123211
123211
123211
123385
123205
123205
123205
123205
123205
123205
123351
122884
122884
122884
122884
122884
123403
123166
123166
123166
123378
123240
123240
123240
123240
123240
123240
123207
123207
123207
123207
123207
123207
123350
123277
123277
123277
123277
123277
123283
123242
123242
123242
123242
123242
123242
123162
123244
123244
123244
123244
123244
123084
123274
123274
123274
123274
123274
123274
122929
123293
123293
123293
122874
123255
123255
123255
123255
123255
122861
123293
123293
123293
123293
123293
123293
123260
123260
123260
123260
123260
123260
122848
123313
123313
123313
123313
123313
122812
123274
123274
123274
123274
123274
123274
122835
123257
123257
123257
123257
123257
122834
123302
123302
123302
123302
123286
123286
123286
123286
123286
123286
122829
123242
123242
123242
123242
123242
122904
123308
123308
123308
123308
123308
122890
123308
123308
123308
123308
123308
123308
122948
123348
123348
123348
123348
123348
122957
123319
123319
123319
123319
123319
123319
122962
123332
123332
123332
123332
122994
123015
123031
123045
123303
123049
123360
123360
123360
123360
123360
123360
123088
123340
123340
123340
123340
123340
123087
123361
123361
123361
123361
123361
123361
123025
123385
123385
123385
123385
123385
123093
123351
123351
123351
123351
123351
123351
123403
123403
123403
123403
123403
123403
123161
123378
123378
123378
123146
123319
123319
123319
123319
123319
123142
123350
123350
123350
123350
123350
123350
123180
123283
123283
123283
123283
123283
123161
123162
123162
123162
123162
123162
123162
123097
123084
123084
123084
123084
123084
123143
122929
122929
122929
122929
122929
123146
122874
122874
122874
122874
123116
122861
122861
122861
122861
122861
123167
122808
122808
122808
122808
122808
123157
122848
122848
122848
122848
122848
122848
123099
122812
122812
122812
122812
122812
123175
122835
122835
122835
122835
122835
122835
122834
122834
122834
122834
122834
122834
123239
122818
122818
122818
123204
122829
122829
122829
122829
122829
123207
122904
122904
122904
122904
122904
122904
123187
122890
122890
122890
122890
122890
123199
122948
122948
122948
122948
122948
122948
123177
122957
122957
122957
122957
122957
123228
122962
122962
122962
122962
122962
123235
122994
122994
122994
122994
122994
122994
123277
123235
123256
123277
123049
123294
123088
123088
123088
123088
123088
123314
123087
123087
123087
123087
123087
123087
123275
123025
123025
123025
123025
123025
123354
123093
123093
123093
123093
123093
123349
123099
123099
123099
123099
123099
123099
123394
123161
123161
123161
123161
123161
123368
123146
123146
123146
123379
123142
123142
123142
123142
123142
123142
123390
123180
123180
123180
123180
123180
123400
123161
123161
123161
123161
123161
123161
123358
123097
123097
123097
123097
123097
123400
123143
123143
123143
123143
123143
123398
123146
123146
123146
123146
123146
123146
123435
123116
123116
123116
123411
123167
123167
123167
123167
123167
123383
123157
123157
123157
123157
123157
123157
123362
123099
123099
123099
123099
123099
123370
123175
123175
123175
123175
123175
123175
123175
123169
123169
123169
123169
123169
123393
123239
123239
123239
123239
123239
123389
123204
123204
123204
123204
123366
123207
123207
123207
123207
123207
123392
123187
123187
123187
123187
123187
123361
123199
123199
123199
123199
123199
123199
123354
123177
123177
123177
123177
123177
123365
123228
123228
123228
123228
123228
123228
123299
123235
123235
123235
123235
123235
123293
123277
123277
123277
123277
123277
123220
123126
123029
122928
122852
123314
123314
122802
123275
123275
123275
123275
123275
123275
122732
123354
123354
123354
123354
123354
122756
123349
123349
123349
123349
123349
123349
122708
123394
123394
123394
123394
123394
122751
123368
123368
123368
123368
123368
122765
123379
123379
123379
123379
123379
122786
123390
123390
123390
123390
122873
123400
123400
123400
123400
123400
122876
123358
123358
123358
123358
123358
123358
122909
123400
123400
123400
123400
123400
122936
123398
123398
123398
123398
123398
123398
122937
123435
123435
123435
123435
123435
123033
123411
123411
123411
123411
123411
123034
123383
123383
123383
123383
123383
123362
123362
123362
123362
123362
123078
123370
123370
123370
123370
123370
123073
123175
123175
123175
123175
123175
123175
123128
123393
123393
123393
123393
123393
123123
123389
123389
123389
123389
123389
123389
123076
123366
123366
123366
123366
123366
123149
123392
123392
123392
123166
123361
123361
123361
123361
123361
123361
123361
123354
123354
123354
123354
123354
123240
123365
123365
123365
123365
123365
123217
123299
123299
123299
123299
123299
123299
123200
123293
123293
123293
123293
123293
123242
123220
123220
123220
123220
123220
123220
123198
123126
123126
123126
123126
123236
123235
123231
123222
123209
122732
122732
122732
122732
123254
122756
122756
122756
122756
122756
123248
122708
122708
122708
122708
122708
122708
123190
122751
122751
122751
122751
122751
123264
122765
122765
122765
122765
122765
123260
122786
122786
122786
122786
122786
122786
123317
122873
122873
122873
123262
122876
122876
122876
122876
122876
123239
122909
122909
122909
122909
122909
122909
123243
122936
122936
122936
122936
122936
123190
122937
122937
122937
122937
122937
122937
123116
123033
123033
123033
123033
123033
123177
123034
123034
123034
123034
123034
123159
123383
123383
123383
123383
123177
123078
123078
123078
123078
123078
123213
123073
123073
123073
123073
123073
123201
123128
123128
123128
123128
123128
123128
123207
123123
123123
123123
123123
123123
123233
123076
123076
123076
123076
123076
123076
123225
123149
123149
123149
123149
123149
123287
123166
123166
123166
123166
123166
123309
123361
123361
123361
123361
123240
123240
123240
123240
123240
123240
123368
123217
123217
123217
123217
123217
123338
123200
123200
123200
123200
123200
123200
123327
123242
123242
123242
123242
123242
123359
123198
123198
123198
123198
123198
123198
123198
123236
123236
123236
123236
123236
123408
123235
123408
123426
123444
123443
123254
123254
123254
123393
123248
123248
123248
123248
123248
123429
123190
123190
123190
123190
123190
123190
123264
123264
123264
123264
123264
123264
123424
123260
123260
123260
123260
123260
123397
123317
123317
123317
123317
123317
123317
123360
123262
123262
123262
123262
123386
123239
123239
123239
123239
123404
123243
123243
123243
123243
123243
123243
123340
123190
123190
123190
123190
123190
123361
123116
123116
123116
123116
123116
123310
123177
123177
123177
123177
123177
123177
123254
123159
123159
123159
123159
123159
123152
123177
123177
123177
123177
123177
123177
122984
123213
123213
123213
122901
123201
123201
123201
123201
123201
122813
123207
123207
123207
123207
123207
123207
123207
123233
123233
123233
123233
123233
122727
123225
123225
123225
123225
123225
122666
123287
123287
123287
123287
123287
123287
122611
123309
123309
123309
123309
123309
122676
123300
123300
123300
122689
123368
123368
123368
123368
123368
123368
123338
123338
123338
123338
123338
123338
122769
123327
123327
123327
123327
123327
122780
123359
123359
123359
123359
123359
123359
122817
123198
123198
123198
123198
123198
122806
123408
123408
123408
123408
123408
123408
122785
123408
123408
123408
123408
122833
122862
122892
122943
122990
123429
123429
123429
123401
123401
123401
123401
123401
123401
123094
123424
123424
123424
123424
123424
123120
123397
123397
123397
123397
123397
123397
123174
123360
123360
123360
123360
123360
123167
123386
123386
123386
123386
123386
123386
123146
123404
123404
123404
123169
123340
123340
123340
123340
123340
123175
123361
123361
123361
123361
123361
123361
123120
123310
123310
123310
123310
123310
123174
123254
123254
123254
123254
123254
123138
123152
123152
123152
123152
123152
123152
123105
122984
122984
122984
122984
122984
123125
122901
122901
122901
122901
122901
122901
123095
122813
122813
122813
123098
123207
123207
123207
123207
123207
123169
122727
122727
122727
122727
122727
122727
122666
122666
122666
122666
122666
122666
123190
122611
122611
122611
122611
122611
123156
122676
122676
122676
122676
122676
122676
123105
122689
122689
122689
122689
122689
123125
122694
122694
122694
123130
122769
122769
122769
122769
122769
122769
122780
122780
122780
122780
122780
122780
123169
122817
122817
122817
123136
122806
122806
122806
122806
123146
122785
122785
122785
122785
122785
122785
123098
122833
122833
122833
122833
122833
123158
122862
122862
122862
122862
122862
123154
122892
123179
123186
123181
123202
123222
123120
123120
123120
123120
123120
123227
123174
123174
123174
123174
123174
123174
123186
123167
123167
123167
123167
123167
123249
123146
123146
123146
123146
123146
123146
123169
123169
123169
123169
123169
123169
123270
123175
123175
123175
123175
123175
123264
123120
123120
123120
123268
123174
123174
123174
123174
123174
123174
123281
123138
123138
123138
123138
123138
123297
123105
123105
123105
123105
123105
123105
123272
123125
123125
123125
123125
123125
123348
123095
123095
123095
123095
123095
123095
123098
123098
123098
123098
123098
123098
123398
123169
123169
123169
123351
123156
123156
123156
123156
123156
123330
123190
123190
123190
123190
123190
123190
123374
123156
123156
123156
123156
123156
123336
123105
123105
123105
123105
123105
123105
123279
123125
123125
123125
123125
123125
123323
123130
123130
123130
123130
123130
123311
123125
123125
123125
123125
123125
123316
123169
123169
123169
123169
123342
123136
123136
123136
123136
123136
123268
123146
123146
123146
123146
123146
123146
123217
123098
123098
123098
123098
123098
123128
123158
123158
123158
123158
123158
123158
122962
123154
123154
123154
123154
123154
122918
123179
123179
123179
123179
123179
122823
123186
122792
122751
122721
122679
123227
123227
123227
123227
122743
123186
123186
123186
123186
123186
122724
123249
123249
123249
123249
123249
123249
122685
123229
123229
123229
123229
123229
122748
123270
123270
123270
123270
123270
123270
123270
123264
123264
123264
123264
123264
122802
123268
123268
123268
122805
123281
123281
123281
123281
123281
122828
123297
123297
123297
123297
123297
123297
122893
123272
123272
123272
123272
123272
122902
123348
123348
123348
123348
123348
123348
122942
123340
123340
123340
123340
123340
123007
123398
123398
123398
123398
123398
123398
123023
123351
123351
123351
123351
123351
123120
123330
123330
123330
123143
123374
123374
123374
123374
123374
123374
123336
123336
123336
123336
123336
123336
123216
123279
123279
123279
123279
123279
123210
123323
123323
123323
123323
123323
123323
123224
123311
123311
123311
123311
123311
123248
123316
123316
123316
123316
123316
123316
123230
123342
123342
123342
123243
123268
123268
123268
123268
123268
123249
123217
123217
123217
123217
123217
123217
123128
123128
123128
123128
123128
123128
123246
122962
122962
122962
122962
122962
123223
122918
122918
122918
122918
122918
122918
123250
122823
122823
122823
122823
122823
123219
122792
122792
122792
123207
123210
123205
123215
122743
122743
122743
122743
123163
122724
122724
122724
122724
122724
123211
122685
122685
122685
122685
122685
123209
122748
122748
122748
122748
122748
122748
123265
123270
123270
123270
123270
123270
123223
122802
122802
122802
122802
122802
122802
123191
122805
122805
122805
123258
122828
122828
122828
122828
122828
123275
122893
122893
122893
122893
122893
122893
123210
122902
122902
122902
122902
122902
123253
122942
122942
122942
122942
122942
123266
123007
123007
123007
123007
123007
123007
123288
123023
123023
123023
123023
123023
123272
123120
123120
123120
123120
123120
123269
123143
123143
123143
123143
123325
123130
123130
123130
123130
123130
123302
123216
123216
123216
123216
123216
123216
123273
123210
123210
123210
123210
123210
123359
123224
123224
123224
123224
123224
123224
123248
123248
123248
123248
123248
123248
123421
123230
123230
123230
123230
123230
123416
123243
123243
123243
123243
123249
123249
123249
123249
123249
123249
123431
123228
123228
123228
123228
123228
123429
123246
123246
123246
123246
123246
123246
123406
123223
123223
123223
123223
123223
123420
123250
123250
123250
123250
123250
123250
123401
123219
123219
123219
123219
123219
123438
123207
123207
123454
123472
123478
123429
123163
123163
123163
123465
123211
123211
123211
123211
123211
123456
123209
123209
123209
123209
123209
123209
123377
123265
123265
123265
123265
123265
123354
123223
123223
123223
123223
123223
123217
123191
123191
123191
123191
123191
123191
123109
123258
123258
123258
123258
123007
123275
123275
123275
123275
122926
123210
123210
123210
123210
123210
123210
122824
123253
123253
123253
123253
123253
122862
123266
123266
123266
123266
123266
122832
123288
123288
123288
123288
123288
123288
122876
123272
123272
123272
123272
123272
122886
123269
123269
123269
123269
123269
123269
122875
123325
123325
123325
122914
123302
123302
123302
123302
123302
122983
123273
123273
123273
123273
123273
123273
122932
123359
123359
123359
123359
123359
123038
123349
123349
123349
123349
123349
123056
123421
123421
123421
123058
123416
123416
123416
123416
123416
123102
123393
123393
123393
123393
123393
123113
123431
123431
123431
123108
123429
123429
123429
123429
123429
123429
123060
123406
123406
123406
123406
123406
123111
123420
123420
123420
123420
123420
123128
123401
123401
123401
123401
123401
123401
123167
123438
123438
123438
123438
123438
123161
123454
123454
123454
123454
123454
123454
123131
123472
123187
123211
123207
123241
123456
123456
123456
123456
123243
123377
123377
123377
123377
123377
123254
123354
123354
123354
123354
123354
123354
123354
123217
123217
123217
123217
123217
123284
123109
123109
123109
123109
123109
123283
123007
123007
123007
123007
123007
123007
123284
122926
122926
122926
123283
122824
122824
122824
122824
122824
123258
122862
122862
122862
122862
122862
122862
123282
122832
122832
122832
122832
122832
123308
122876
122876
122876
122876
122876
122876
122876
122886
122886
122886
122886
122886
123389
122875
122875
122875
122875
122875
123398
122914
122914
122914
122914
122914
123421
122983
122983
122983
122983
123468
122932
122932
122932
122932
122932
123487
123038
123038
123038
123038
123038
123038
123500
123056
123056
123056
123056
123056
123591
123058
123058
123058
123058
123058
123590
123102
123102
123102
123102
123102
123102
123679
123113
123113
123113
123113
123113
123699
123108
123108
123108
123705
123060
123060
123060
123060
123060
123060
123741
123111
123111
123111
123111
123111
123720
123128
123128
123128
123128
123128
123128
123680
123167
123167
123167
123167
123167
123739
123161
123161
123161
123161
123161
123717
123131
123131
123131
123131
123131
123131
123738
123187
123187
123672
123660
123687
123663
123648
123254
123254
123254
123254
123254
123608
123354
123354
123354
123354
123354
123663
123284
123284
123284
123284
123284
123634
123283
123283
123283
123283
123283
123283
123624
123284
123284
123284
123284
123284
123597
123283
123283
123283
123283
123283
123283
123494
123258
123258
123258
123502
123282
123282
123282
123282
123282
123387
123308
123308
123308
123308
123308
123308
122876
122876
122876
122876
122876
122876
123224
123389
123389
123389
123389
123389
123141
123398
123398
123398
123398
123398
123398
123067
123421
123421
123421
123421
123421
123047
123468
123468
123468
123468
123033
123487
123487
123487
123487
123487
122995
123500
123500
123500
123500
123500
123050
123591
123591
123591
123591
123591
123591
123591
123590
123590
123590
123590
123590
123124
123679
123679
123679
123679
123679
123073
123699
123699
123699
123699
123699
123699
123087
123705
123705
123705
123705
123705
123103
123741
123741
123741
123140
123720
123720
123720
123720
123720
123720
123134
123680
123680
123680
123680
123680
123173
123739
123739
123739
123739
123739
123739
123130
123717
123717
123717
123717
123717
123183
123738
123738
123738
123738
123738
123185
123672
123672
123672
123672
123672
123672
123233
123660
123236
123260
123273
123266
123245
123663
123663
123663
123663
123663
123663
123233
123634
123634
123634
123634
123634
123282
123624
123624
123624
123624
123624
123265
123597
123597
123597
123597
123597
123597
123274
123494
123494
123494
123494
123494
123245
123502
123502
123502
123502
123502
123502
123169
123387
123387
123387
123225
123270
123270
123270
123270
123270
123199
123224
123224
123224
123224
123224
123224
123137
123141
123141
123141
123141
123141
123188
123067
123067
123067
123067
123067
123177
123047
123047
123047
123047
123047
123047
123202
123033
123033
123033
123033
123033
123195
122995
122995
122995
122995
123167
123050
123050
123050
123050
123050
123257
123591
123591
123591
123591
123591
123289
123124
123124
123124
123124
123124
123124
123242
123073
123073
123073
123073
123073
123301
123087
123087
123087
123087
123087
123087
123281
123103
123103
123103
123103
123103
123339
123140
123140
123140
123140
123316
123134
123134
123134
123134
123134
123173
123173
123173
123173
123173
123173
123371
123130
123130
123130
123130
123130
123348
123183
123183
123183
123183
123183
123183
123330
123185
123185
123185
123185
123185
123359
123233
123233
123233
123233
123233
123233
123236
123236
123236
123236
123236
123236
123399
123378
123380
123390
123406
123233
123233
123233
123233
123384
123282
123282
123282
123282
123282
123282
123424
123265
123265
123265
123265
123265
123409
123274
123274
123274
123274
123274
123274
123365
123245
123245
123245
123245
123245
123404
123169
123169
123169
123169
123169
123401
123225
123225
123225
123225
123453
123199
123199
123199
123199
123199
123484
123137
123137
123137
123137
123137
123462
123188
123188
123188
123188
123188
123188
123459
123177
123177
123177
123177
123177
123440
123202
123202
123202
123202
123202
123202
123384
123195
123195
123195
123195
123195
123357
123167
123167
123167
123167
123167
123246
123136
123289
123289
123289
123289
123289
123017
123242
123242
123242
123242
123242
123242
122962
123301
123301
123301
123301
123301
122860
123281
123281
123281
123281
123281
123281
122766
123339
123339
123339
123339
123339
122774
123316
123316
123316
123316
123316
123316
123331
123331
123331
123331
122758
123371
123371
123371
123371
123371
122785
123348
123348
123348
123348
123348
122789
123330
123330
123330
123330
123330
123330
122791
123359
123359
123359
123359
123359
122842
123351
123351
123351
123351
123351
123351
122845
123399
123399
123399
123399
123399
122945
123378
123378
123378
123378
123378
122948
122976
123000
123035
123052
123424
123424
123424
123424
123424
123424
123025
123409
123409
123409
123409
123409
123112
123365
123365
123365
123365
123365
123124
123404
123404
123404
123404
123404
123404
123176
123401
123401
123401
123401
123401
123150
123453
123453
123453
123453
123453
123453
123138
123484
123484
123484
123215
123462
123462
123462
123462
123462
123198
123459
123459
123459
123459
123459
123459
123126
123440
123440
123440
123440
123440
123205
123384
123384
123384
123384
123384
123172
123357
123357
123357
123357
123357
123357
123217
123246
123246
123246
123246
123246
123202
123136
123136
123136
123136
123195
123017
123017
123017
123017
123017
123206
122962
122962
122962
122962
122962
123180
122860
122860
122860
122860
122860
122860
123149
122766
122766
122766
122766
122766
123202
122774
122774
122774
122774
122774
122774
122754
122754
122754
122754
122754
122754
123210
122758
122758
122758
122758
122758
123167
122785
122785
122785
123145
122789
122789
122789
122789
122789
122789
123202
122791
122791
122791
122791
122791
123150
122842
122842
122842
122842
122842
122842
123148
122845
122845
122845
122845
122845
123157
122945
122945
122945
122945
122945
122945
122945
122948
122948
122948
122948
122948
123195
122976
123200
123198
123204
123258
123025
123025
123025
123025
123025
123025
123112
123112
123112
123112
123112
123112
123321
123124
123124
123124
123124
123124
123308
123176
123176
123176
123176
123176
123176
123351
123150
123150
123150
123150
123150
123374
123138
123138
123138
123138
123138
123138
123340
123215
123215
123215
123379
123198
123198
123198
123198
123198
123388
123126
123126
123126
123126
123126
123126
123205
123205
123205
123205
123205
123205
123432
123172
123172
123172
123172
123172
123410
123217
123217
123217
123217
123217
123217
123378
123202
123202
123202
123202
123202
123421
123195
123195
123195
123410
123206
123206
123206
123206
123206
123206
123391
123180
123180
123180
123180
123180
123442
123149
123149
123149
123149
123149
123426
123202
123202
123202
123202
123202
123202
123438
123171
123171
123171
123171
123171
123423
123210
123210
123210
123210
123210
123210
123401
123167
123167
123167
123167
123167
123458
123145
123145
123145
123438
123202
123202
123202
123202
123202
123202
123150
123150
123150
123150
123150
123150
123465
123148
123148
123148
123148
123148
123432
123157
123157
123157
123157
123157
123157
123378
122945
122945
122945
122945
122945
123304
123195
123195
123195
123195
123195
123195
123200
123200
123125
122986
122916
122840
123248
123248
123248
123248
123248
122801
123321
123321
123321
123321
123321
123321
122738
123308
123308
123308
123308
123308
122763
123351
123351
123351
123351
123351
122750
123374
123374
123374
123374
123374
123374
122792
123340
123340
123340
123340
123340
122783
123379
123379
123379
122801
123388
123388
123388
123388
123388
123388
122799
123386
123386
123386
123386
123386
122858
123432
123432
123432
123432
123432
123432
123410
123410
123410
123410
123410
123410
122938
123378
123378
123378
123378
123378
122939
123421
123421
123421
123421
123421
123421
122965
123410
123410
123410
122996
123391
123391
123391
123391
123391
123039
123442
123442
123442
123442
123442
123442
123034
123426
123426
123426
123426
123426
123090
123438
123438
123438
123438
123438
123438
123423
123423
123423
123423
123423
123423
123175
123401
123401
123401
123401
123401
123162
123458
123458
123458
123458
123458
123169
123438
123438
123438
123438
123193
123426
123426
123426
123426
123426
123187
123465
123465
123465
123465
123465
123465
123136
123432
123432
123432
123432
123432
123187
123378
123378
123378
123378
123378
123169
123304
123304
123304
123304
123304
123304
123215
123191
123191
123191
123191
123191
123195
123125
123193
123221
123215
123217
122801
122801
122801
122801
122801
122801
123176
122738
122738
122738
122738
122738
123220
122763
122763
122763
122763
122763
122763
122763
122750
122750
122750
122750
122750
123225
122792
122792
122792
122792
122792
123228
122783
122783
122783
122783
122783
122783
123237
122801
122801
122801
123279
122799
122799
122799
122799
122799
123264
122858
122858
122858
122858
122858
122858
123254
122859
122859
123242
122938
122938
122938
122938
122938
123303
122939
122939
122939
122939
122939
123299
122965
122965
122965
122965
122965
122965
123341
122996
122996
122996
122996
122996
123317
123039
123039
123039
123334
123034
123034
123034
123034
123034
123034
123377
123090
123090
123090
123090
123090
123336
123103
123103
123103
123103
123103
123103
123298
123175
123175
123175
123175
123175
123337
123162
123162
123162
123162
123162
123162
123169
123169
123169
123169
123169
123169
123397
123193
123193
123193
123398
123187
123187
123187
123187
123187
123187
123136
123136
123136
123136
123136
123136
123475
123187
123187
123187
123187
123187
123449
123169
123169
123169
123169
123169
123169
123391
123215
123215
123215
123215
123215
123436
123195
123195
123195
123195
123195
123195
123193
123193
123193
123193
123193
123421
123404
123408
123421
123176
123176
123411
123220
123220
123220
123220
123220
123220
123442
122763
122763
122763
122763
122763
123418
123225
123225
123225
123225
123225
123225
123380
123228
123228
123228
123228
123228
123432
123237
123237
123237
123237
123237
123237
123279
123279
123279
123279
123279
123423
123264
123264
123264
123264
123264
123254
123254
123254
123254
123254
123254
123254
123409
123242
123242
123242
123242
123242
123242
123455
123303
123303
123303
123303
123303
123303
123426
123299
123299
123299
123299
123299
123299
123364
123341
123341
123341
123341
123341
123341
123341
123282
123317
123317
123317
123264
123334
123334
123334
123334
123334
123334
123334
123121
123377
123377
123377
123377
123377
123377
123040
123336
123336
123336
123336
123336
123336
122983
123298
123298
123298
123298
123298
123298
122854
123337
123337
123337
123337
123337
123337
122802
123342
123342
123342
123342
123342
123342
122736
123397
123397
123397
123397
122710
123398
123398
123398
123398
123398
123398
123398
123415
123415
123415
123415
123415
123415
123415
122642
123475
123475
123475
123475
123475
123475
122709
123449
123449
123449
123449
123449
123449
122722
123391
123391
123391
123391
123391
123391
122715
123436
123436
123436
122734
122747
122767
122775
123408
122828
123421
123421
123421
123421
123421
123421
122782
123411
123411
123411
123411
123411
123411
122779
123442
123442
123442
123442
123442
123442
123442
122743
123418
123418
123418
123418
123418
123418
122807
123380
123380
123380
123380
123380
123380
122818
123432
123432
123432
123432
122820
123410
123410
123410
123410
123410
123410
122849
123423
123423
123423
123423
123423
123423
122825
123405
123405
123405
123405
123405
123405
123405
123409
123409
123409
123409
123409
123409
123409
122747
123455
123455
123455
123455
123455
123455
122822
123426
123426
123426
123426
123426
122780
123364
123364
123364
123364
123364
122764
123282
123282
123282
123282
123282
123282
122755
123264
123264
123264
123264
123264
123264
122710
123121
123121
123121
123121
123121
123121
123121
123040
123040
123040
123040
123040
123040
123040
122610
122983
122983
122983
122983
122983
122983
122666
122854
122854
122854
122854
122569
122802
122802
122802
122802
122802
122802
122594
122736
122736
122736
122736
122736
122736
122639
122710
122710
122710
122710
122710
122710
122621
122665
122665
122665
122665
122665
122665
122652
122642
122642
122642
122642
122642
122642
122642
122648
122709
122709
122709
122709
122709
122700
122726
122751
122773
122789
122767
122767
122767
122767
122767
122784
