77277
77277
77277
77277
77279
77279
77279
77279
77279
77279
77252
77252
77252
77252
77252
77252
74168
77265
77265
77265
77265
74143
74152
74151
74159
77279
77279
77279
74155
77276
77276
77276
77276
77276
74136
77268
77268
77268
77268
77268
77268
74174
77267
77267
77267
74137
77270
77270
77270
77270
77270
74132
77286
77286
77286
77286
77286
77286
74169
77276
77276
77276
77276
77276
74142
77269
77269
77269
77269
77269
77269
77282
77282
77282
77282
77282
77282
74123
77279
77279
77279
77279
77279
74094
77274
77274
77274
77274
74121
77273
77273
77273
77273
77273
74137
77278
77278
77278
77278
77278
74109
77274
77274
77274
77274
77274
77274
74154
77280
77280
77280
77280
77280
74128
77276
77276
77276
77276
77276
77276
77276
77270
77270
77270
77270
77270
74139
77274
77274
77274
77274
77274
74102
77262
77262
77262
74111
77265
77265
77265
77265
77265
77265
74132
77256
77256
77256
77256
77256
74137
77278
77278
77278
77278
77278
77278
74171
77271
77271
77271
77271
77271
74144
77272
77272
77272
77272
77272
77272
57758
57758
57758
57758
57758
57758
74158
74183
74144
74137
74163
74148
74152
74152
74152
74152
74152
74152
74151
74151
74151
74151
74151
74151
74145
74159
74159
74159
74159
74159
74114
74155
74155
74155
74155
74155
74155
74141
74136
74136
74136
74136
74136
74143
74174
74174
74174
74174
74174
74174
74181
74137
74137
74137
74130
74132
74132
74132
74132
74132
74141
74169
74169
74169
74169
74169
74169
74142
74142
74142
74142
74142
74142
74155
74121
74121
74121
74121
74121
74106
74123
74123
74123
74123
74123
74123
74136
74094
74094
74094
74094
74094
74104
74121
74121
74121
74121
74107
74137
74137
74137
74137
74137
74124
74109
74109
74109
74109
74109
74077
74154
74154
74154
74154
74154
74154
74128
74128
74128
74128
74128
74128
74081
77276
77276
77276
77276
77276
74033
74139
74139
74139
74139
74139
74139
74051
74102
74102
74102
74102
74102
74055
74111
74111
74111
74033
74132
74132
74132
74132
74132
74132
74058
74137
74137
74137
74137
74137
74049
74171
74171
74171
74171
74171
74171
74103
74144
74144
74144
74144
74144
74070
74159
74159
74159
74159
74159
74045
74158
74158
74158
74158
74158
74158
74081
74144
74081
74077
74068
74070
74171
74171
74171
74171
74171
74171
74145
74145
74145
74145
74145
74145
74079
74114
74114
74114
74114
74114
74052
74141
74141
74141
74141
74141
74141
74108
74143
74143
74143
74143
74143
74081
74181
74181
74181
74181
74181
74181
74130
74130
74130
74130
74100
74141
74141
74141
74141
74141
74096
74168
74168
74168
74168
74168
74168
74155
74155
74155
74155
74155
74155
74062
74106
74106
74106
74106
74106
74051
74136
74136
74136
74136
74136
74136
74098
74104
74104
74104
74104
74104
74058
74107
74107
74107
74107
74047
74124
74124
74124
74124
74124
74077
74077
74077
74077
74077
74077
74059
74071
74071
74071
74071
74071
74018
74081
74081
74081
74081
74081
74081
74076
74033
74033
74033
74033
74033
74034
74051
74051
74051
74051
74051
74051
74055
74055
74055
74055
74055
74055
74021
74033
74033
74033
74019
74058
74058
74058
74058
74058
73986
74049
74049
74049
74049
74049
74049
73987
74103
74103
74103
74103
74103
73966
74070
74070
74070
74070
74070
74070
74015
74045
74045
74045
74045
74045
74007
74081
74081
74081
74081
74081
74081
74081
74081
74003
74001
73995
73989
74080
74080
74026
74079
74079
74079
74079
74079
73989
74052
74052
74052
74052
74052
73963
74108
74108
74108
74108
74108
74108
73979
74081
74081
74081
74081
74081
73941
74116
74116
74116
74116
74116
74116
73998
74100
74100
74100
74100
74100
73958
74096
74096
74096
73935
74054
74054
74054
74054
74054
74054
74054
74062
74062
74062
74062
74062
73950
74051
74051
74051
74051
74051
74051
74098
74098
74098
74098
74098
74098
73954
74058
74058
74058
74058
74058
73909
74047
74047
74047
74047
74047
74047
73969
74066
74066
74066
73949
74059
74059
74059
74059
74059
73935
74018
74018
74018
74018
74018
74018
74007
74076
74076
74076
74076
74076
73974
74034
74034
74034
74034
74034
74034
74035
74035
74035
74035
74035
74035
73962
74021
74021
74021
74021
74021
73934
74019
74019
74019
74019
73973
73986
73986
73986
73986
73986
73969
73987
73987
73975
73966
73966
73966
73966
73966
73925
74015
74015
74015
74015
74015
74015
74007
74007
74007
74007
74007
74007
73884
74019
74019
74019
74019
74019
73834
74003
74003
74003
74003
74003
74003
73855
74001
74001
73815
73796
73805
73793
73989
73844
73963
73963
73963
73963
73963
73807
73979
73979
73979
73979
73979
73979
73941
73941
73941
73941
73941
73941
73822
73998
73998
73998
73998
73998
73791
73958
73958
73958
73958
73958
73958
73847
73935
73935
73935
73935
73935
73832
74054
74054
74054
73817
73950
73950
73950
73950
73950
73950
73950
73935
73935
73935
73935
73935
73856
73954
73954
73954
73954
73954
73813
73909
73909
73909
73909
73909
73909
73848
73969
73969
73969
73969
73969
73824
73949
73949
73949
73949
73949
73949
73869
73935
73935
73935
73845
74007
74007
74007
74007
74007
73841
73974
73974
73974
73974
73974
73974
73962
73962
73962
73962
73962
73962
73841
73962
73962
73962
73962
73962
73824
73934
73934
73934
73934
73934
73934
73868
73973
73973
73973
73973
73973
73842
73969
73969
73969
73969
73846
73975
73975
73975
73975
73975
73975
73925
73925
73925
73925
73925
73860
73900
73900
73900
73900
73900
73813
73884
73884
73884
73884
73884
73884
73893
73834
73834
73834
73834
73834
73867
73855
73855
73855
73855
73855
73855
73815
73815
73815
73815
73815
73815
73883
73887
73875
73889
73874
73807
73807
73807
73807
73807
73807
73919
73808
73808
73808
73808
73808
73900
73822
73822
73822
73822
73822
73822
73791
73791
73791
73791
73791
73791
73905
73847
73847
73847
73847
73847
73867
73832
73832
73832
73832
73832
73832
73947
73817
73817
73817
73921
73950
73950
73950
73950
73950
73915
73856
73856
73856
73856
73856
73856
73960
73813
73813
73813
73813
73813
73933
73848
73848
73848
73848
73848
73912
73824
73824
73824
73824
73824
73824
73946
73869
73869
73869
73869
73869
73948
73845
73845
73845
73845
73841
73841
73841
73841
73841
73841
73995
73844
73844
73844
73844
73844
73993
73841
73841
73841
73841
73841
73841
73824
73824
73824
73824
73824
73824
73998
73868
73868
73868
73868
73868
73955
73842
73842
73842
73842
73842
73842
74028
73846
73846
73846
73846
74006
73975
73975
73975
73975
73991
73860
73860
73860
73860
73860
73860
73860
73813
73813
73813
73813
73813
73989
73893
73893
73893
73893
73893
73936
73867
73867
73867
73867
73867
73867
73985
73879
73879
73879
73879
73879
73969
73883
73883
73883
73883
73883
73883
73883
73952
73953
73942
73917
73894
73900
73900
73900
73900
73900
73900
73912
73897
73897
73897
73897
73897
73883
73905
73905
73905
73905
73905
73905
73910
73867
73867
73867
73867
73867
73859
73947
73947
73947
73947
73947
73947
73921
73921
73921
73921
73921
73921
73834
73915
73915
73915
73823
73960
73960
73960
73960
73960
73786
73933
73933
73933
73933
73933
73933
73803
73912
73912
73912
73912
73912
73778
73946
73946
73946
73946
73946
73946
73846
73948
73948
73948
73948
73948
73784
73953
73953
73953
73953
73953
73953
73995
73995
73995
73995
73792
73993
73993
73993
73993
73993
73771
74003
74003
74003
74003
74003
73769
73998
73998
73998
73998
73998
73998
73811
73955
73955
73955
73955
73955
73788
74028
74028
74028
74028
74028
74028
74006
74006
74006
74006
74006
74006
73787
73991
73991
73991
73991
73791
73860
73860
73860
73860
73762
73989
73989
73989
73989
73989
73989
73780
73936
73936
73936
73936
73936
73754
73985
73985
73985
73985
73985
73985
73800
73969
73969
73969
73969
73969
73804
73883
73883
73883
73883
73883
73883
73952
73952
73952
73952
73952
73952
73796
73798
73800
73783
73770
73912
73912
73912
73912
73912
73912
73794
73883
73883
73883
73883
73883
73769
73910
73910
73910
73910
73910
73723
73859
73859
73859
73859
73859
73859
73746
73860
73860
73860
73860
73860
73748
73834
73834
73834
73834
73834
73834
73775
73823
73823
73823
73730
73786
73786
73786
73786
73786
73716
73803
73803
73803
73803
73803
73803
73778
73778
73778
73778
73778
73778
73749
73846
73846
73846
73846
73846
73705
73784
73784
73784
73784
73784
73784
73748
73797
73797
73797
73797
73797
73735
73792
73792
73792
73792
73748
73771
73771
73771
73771
73771
73757
73769
73769
73769
73769
73769
73752
73811
73811
73811
73811
73811
73811
73788
73788
73788
73794
73794
73794
73794
73794
73794
73760
73787
73787
73787
73787
73787
73721
73791
73791
73791
73791
73791
73791
73782
73762
73762
73762
73743
73780
73780
73780
73780
73780
73732
73754
73754
73754
73754
73754
73754
73754
73800
73800
73800
73800
73800
73746
73804
73804
73804
73804
73804
73698
73808
73808
73808
73808
73808
73808
73743
73796
73796
73796
73796
73796
73731
73798
73798
73798
73798
73798
73771
73737
73729
73740
73794
73755
73769
73769
73769
73769
73769
73705
73723
73723
73723
73723
73723
73723
73772
73746
73746
73746
73746
73746
73732
73748
73748
73748
73748
73748
73748
73775
73775
73775
73775
73775
73775
73731
73730
73730
73730
73730
73730
73683
73716
73716
73716
73667
73756
73756
73756
73756
73756
73756
73695
73749
73749
73749
73749
73749
73647
73705
73705
73705
73705
73705
73705
73748
73748
73748
73748
73748
73748
73612
73735
73735
73735
73735
73735
73575
73748
73748
73748
73748
73748
73748
73619
73757
73757
73757
73577
73752
73752
73752
73752
73752
73573
73768
73768
73768
73768
73768
73768
73608
73743
73743
73743
73743
73743
73580
73760
73760
73760
73760
73760
73524
73721
73721
73721
73721
73721
73721
73567
73782
73782
73782
73782
73782
73577
73743
73743
73743
73743
73591
73732
73732
73732
73732
73732
73612
73754
73754
73754
73754
73754
73608
73746
73746
73746
73746
73746
73746
73746
73698
73698
73698
73698
73698
73635
73743
73743
73743
73743
73743
73567
73731
73731
73731
73731
73731
73731
73634
73771
73771
73771
73771
73771
73602
73617
73614
73612
73755
73605
73705
73705
73705
73705
73705
73705
73772
73772
73772
73772
73772
73772
73591
73732
73732
73732
73732
73732
73556
73725
73725
73725
73725
73725
73725
73596
73731
73731
73731
73731
73731
73587
73683
73683
73683
73683
73683
73683
73634
73667
73667
73667
73612
73695
73695
73695
73695
73695
73590
73647
73647
73647
73647
73647
73647
73656
73656
73656
73656
73656
73656
73573
73612
73612
73612
73612
73612
73555
73575
73575
73575
73575
73575
73575
73601
73619
73619
73619
73619
73619
73588
73577
73577
73577
73593
73573
73573
73573
73573
73573
73573
73621
73608
73608
73608
73608
73608
73585
73580
73580
73580
73580
73580
73536
73524
73524
73524
73524
73524
73524
73580
73567
73567
73567
73567
73567
73560
73577
73577
73577
73577
73577
73577
73594
73591
73591
73591
73558
73612
73612
73612
73612
73612
73542
73608
73608
73608
73608
73608
73608
73746
73746
73746
73746
73746
73746
73561
73635
73635
73635
73635
73635
73530
73567
73567
73567
73567
73567
73567
73566
73634
73634
73634
73634
73634
73561
73602
73602
73602
73602
73602
73602
73602
73568
73577
73562
73538
73613
73613
73613
73613
73613
73613
73574
73591
73591
73591
73591
73591
73557
73556
73556
73556
73556
73556
73556
73600
73596
73596
73596
73596
73596
73579
73587
73587
73587
73587
73587
73537
73634
73634
73634
73634
73634
73634
73589
73612
73612
73612
73581
73590
73590
73590
73590
73590
73550
73600
73600
73600
73600
73600
73600
73582
73573
73573
73573
73573
73573
73566
73555
73555
73555
73555
73555
73555
73603
73601
73601
73601
73601
73601
73545
73588
73588
73588
73588
73588
73588
73593
73593
73593
73593
73531
73621
73621
73621
73621
73621
73522
73585
73585
73585
73585
73585
73464
73536
73536
73536
73536
73536
73536
73476
73580
73580
73580
73580
73580
73429
73560
73560
73560
73560
73560
73560
73449
73594
73594
73594
73594
73594
73437
73558
73558
73558
73558
73425
73542
73542
73542
73542
73542
73461
73563
73563
73563
73563
73563
73414
73561
73561
73561
73561
73561
73561
73530
73530
73530
73530
73530
73530
73433
73566
73566
73566
73566
73566
73404
73561
73561
73561
73561
73561
73561
73448
73602
73602
73602
73602
73602
73441
73442
73448
73455
73457
73574
73574
73574
73574
73574
73574
73557
73557
73557
73557
73557
73557
73466
73600
73600
73600
73600
73600
73415
73579
73579
73579
73579
73579
73579
73485
73537
73537
73537
73537
73537
73483
73589
73589
73589
73589
73589
73589
73538
73581
73581
73581
73506
73550
73550
73550
73550
73550
73508
73582
73582
73582
73582
73582
73582
73566
73566
73566
73566
73566
73566
73525
73603
73603
73603
73603
73603
73519
73545
73545
73545
73545
73545
73545
73528
73556
73556
73538
73531
73531
73531
73531
73531
73523
73522
73522
73522
73500
73464
73464
73464
73464
73464
73464
73553
73476
73476
73476
73476
73476
73518
73429
73429
73429
73429
73429
73429
73449
73449
73449
73449
73449
73449
73515
73437
73437
73437
73437
73437
73485
73425
73425
73425
73425
73425
73425
73539
73461
73461
73461
73512
73414
73414
73414
73414
73414
73492
73436
73436
73436
73436
73436
73436
73539
73433
73433
73433
73433
73433
73496
73404
73404
73404
73404
73404
73441
73448
73448
73448
73448
73448
73448
73489
73441
73441
73441
73441
73441
73487
73442
73442
73442
73442
73442
73525
73509
73499
73501
73469
73466
73466
73466
73415
73415
73415
73415
73415
73415
73521
73485
73485
73485
73485
73485
73475
73483
73483
73483
73483
73483
73483
73535
73538
73538
73538
73538
73538
73526
73506
73506
73506
73506
73506
73506
73557
73508
73508
73508
73521
73550
73550
73550
73550
73550
73514
73525
73525
73525
73525
73525
73525
73519
73519
73519
73519
73519
73519
73516
73528
73528
73528
73528
73528
73494
73538
73538
73538
73538
73538
73538
73557
73523
73523
73523
73523
73523
73531
73500
73500
73500
73500
73500
73527
73553
73553
73553
73553
73545
73518
73518
73518
73518
73518
73525
73505
73505
73505
73505
73505
73515
73515
73515
73515
73515
73515
73515
73546
73485
73485
73485
73485
73485
73525
73539
73539
73539
73539
73539
73539
73556
73512
73512
73512
73512
73512
73538
73492
73492
73492
73504
73539
73539
73539
73539
73539
73539
73562
73496
73496
73496
73496
73496
73507
73441
73441
73441
73441
73441
73441
73489
73489
73489
73489
73489
73489
73466
73487
73487
73487
73487
73487
73428
73525
73525
73525
73525
73525
73525
73447
73509
73509
73415
73411
73412
73405
73511
73511
73400
73521
73521
73521
73521
73521
73521
73475
73475
73475
73475
73475
73475
73417
73535
73535
73535
73535
73535
73383
73526
73526
73526
73526
73526
73526
73438
73557
73557
73557
73557
73557
73412
73521
73521
73521
73521
73521
73521
73470
73514
73514
73514
73463
73522
73522
73522
73522
73522
73444
73516
73516
73516
73516
73516
73516
73494
73494
73494
73494
73494
73494
73451
73557
73557
73557
73557
73557
73422
73531
73531
73531
73531
73531
73531
73470
73527
73527
73527
73527
73527
73454
73545
73545
73545
73435
73525
73525
73525
73525
73525
73525
73467
73515
73515
73515
73515
73515
73456
73546
73546
73546
73546
73546
73546
73525
73525
73525
73525
73525
73525
73471
73556
73556
73556
73556
73556
73414
73538
73538
73538
73538
73538
73538
73465
73504
73504
73504
73461
73562
73562
73562
73562
73562
73436
73507
73507
73507
73507
73507
73507
73475
73502
73502
73502
73502
73502
73440
73466
73466
73466
73466
73466
73466
73428
73428
73428
73428
73428
73428
73454
73447
73447
73447
73447
73447
73419
73415
73415
73415
73415
73415
73466
73457
73466
73473
73495
73423
73423
73423
73464
73417
73417
73417
73417
73417
73455
73383
73383
73383
73383
73383
73383
73438
73438
73438
73438
73438
73438
73453
73412
73412
73412
73412
73412
73412
73470
73470
73470
73470
73470
73470
73451
73463
73463
73463
73472
73444
73444
73444
73444
73444
73427
73476
73476
73476
73476
73476
73476
73464
73451
73451
73451
73451
73451
73439
73422
73422
73422
73422
73422
73422
73481
73470
73470
73470
73470
73470
73441
73454
73454
73454
73454
73454
73398
73435
73435
73435
73435
73435
73435
73434
73467
73467
73467
73430
73456
73456
73456
73456
73456
73401
73478
73478
73478
73478
73478
73478
73443
73471
73471
73471
73471
73471
73423
73414
73414
73414
73414
73414
73414
73465
73465
73465
73465
73465
73465
73442
73461
73461
73461
73461
73461
73414
73436
73436
73436
73433
73475
73475
73475
73475
73475
73475
73454
73440
73440
73440
73440
73440
73441
73469
73469
73469
73469
73469
73469
73485
73454
73454
73454
73454
73454
73454
73419
73419
73419
73419
73419
73419
73466
73466
73466
73466
73466
73466
73449
73457
73457
73457
73450
73453
73459
73452
73464
73464
73464
73448
73455
73455
73455
73455
73455
73455
73481
73481
73481
73481
73481
73481
73440
73453
73453
73453
73453
73453
73390
73452
73452
73452
73452
73452
73452
73423
73451
73451
73451
73451
73451
73378
73472
73472
73472
73472
73361
73427
73358
73464
73464
73464
73464
73464
73464
73384
73439
73439
73439
73439
73439
73355
73481
73481
73481
73481
73481
73321
73441
73441
73441
73441
73441
73441
73367
73398
73398
73398
73398
73398
73337
73434
73434
73434
73434
73434
73434
73412
73430
73430
73430
73353
73401
73401
73401
73401
73401
73351
73443
73443
73443
73443
73443
73443
73423
73423
73423
73423
73423
73423
73365
73458
73458
73458
73458
73458
73325
73442
73442
73442
73442
73442
73442
73376
73414
73414
73414
73414
73414
73354
73433
73433
73433
73433
73433
73406
73454
73454
73454
73454
73414
73441
73441
73441
73441
73441
73386
73485
73485
73485
73485
73485
73485
73454
73454
73454
73454
73454
73454
73382
73444
73444
73444
73444
73444
73361
73449
73449
73449
73449
73449
73449
73431
73450
73450
73450
73450
73450
73405
73453
73405
73417
73424
73412
73464
73464
73464
73464
73398
73440
73440
73440
73440
73440
73440
73421
73390
73390
73390
73390
73390
73407
73423
73423
73423
73423
73423
73423
73423
73378
73378
73378
73378
73378
73402
73361
73361
73361
73361
73361
73361
73358
73358
73358
73358
73358
73384
73384
73384
73384
73384
73386
73355
73355
73355
73355
73355
73347
73321
73321
73321
73321
73321
73321
73409
73367
73367
73367
73367
73367
73398
73337
73337
73337
73337
73337
73337
73412
73412
73412
73412
73412
73412
73401
73353
73353
73353
73353
73411
73351
73351
73351
73351
73361
73374
73374
73374
73374
73374
73374
73417
73365
73365
73365
73365
73365
73384
73325
73325
73325
73325
73325
73325
73434
73376
73376
73376
73376
73376
73423
73354
73354
73354
73354
73354
73354
73406
73406
73406
73406
73406
73406
73421
73414
73414
73414
73424
73386
73386
73386
73386
73386
73385
73419
73419
73419
73419
73419
73419
73411
73382
73382
73382
73382
73382
73439
73361
73361
73361
73361
73361
73361
73468
73431
73431
73431
73431
73431
73433
73405
73405
73405
73405
73405
73408
73405
73405
73430
73432
73428
73400
73398
73398
73398
73398
73398
73445
73421
73421
73421
73421
73421
73420
73407
73407
73407
73407
73407
73407
73423
73423
73423
73423
73423
73423
73425
73402
73402
73402
73402
73402
73393
73367
73367
73367
73367
73367
73367
73440
73358
73358
73358
73406
73386
73386
73386
73386
73386
73390
73347
73347
73347
73347
73347
73347
73407
73409
73409
73409
73409
73409
73356
73398
73398
73398
73398
73398
73304
73417
73417
73417
73417
73417
73417
73309
73401
73401
73401
73401
73401
73260
73411
73411
73411
73411
73411
73305
73361
73361
73361
73361
73277
73417
73417
73417
73417
73417
73268
73384
73384
73384
73384
73384
73384
73283
73434
73434
73434
73434
73434
73271
73423
73423
73423
73423
73423
73423
73413
73413
73413
73413
73413
73413
73281
73421
73421
73421
73421
73421
73258
73424
73424
73424
73244
73385
73385
73385
73385
73385
73385
73295
73411
73411
73411
73411
73411
73295
73439
73439
73439
73439
73439
73439
73439
73468
73468
73468
73468
73468
73286
73433
73433
73433
73433
73433
73262
73408
73408
73408
73408
73408
73408
73314
73430
73430
73298
73327
73335
73370
73445
73445
73445
73445
73445
73341
73420
73420
73420
73420
73420
73333
73434
73434
73434
73434
73434
73434
73357
73425
73425
73425
73425
73425
73341
73393
73393
73393
73393
73393
73393
73397
73440
73440
73440
73440
73440
73378
73406
73406
73406
73349
73390
73390
73390
73390
73390
73390
73390
73407
73407
73407
73407
73407
73353
73356
73356
73356
73356
73356
73308
73304
73304
73304
73304
73304
73304
73346
73309
73309
73309
73309
73309
73323
73260
73260
73260
73260
73260
73260
73365
73305
73305
73305
73305
73351
73277
73277
73277
73277
73361
73268
73268
73268
73268
73268
73268
73283
73283
73283
73283
73283
73283
73348
73271
73271
73271
73271
73271
73317
73272
73272
73272
73272
73272
73272
73378
73281
73281
73281
73281
73281
73345
73258
73258
73258
73258
73258
73258
73244
73244
73244
73244
73389
73295
73295
73295
73295
73295
73354
73295
73295
73295
73295
73295
73295
73439
73439
73439
73439
73439
73439
73364
73286
73286
73286
73286
73286
73353
73262
73262
73262
73262
73262
73262
73412
73314
73314
73314
73314
73314
73360
73298
73298
73373
73374
73374
73399
73341
73395
73333
73333
73333
73333
73333
73333
73415
73357
73357
73418
73341
73341
73341
73341
73341
73405
73397
73397
73397
73397
73397
73397
73427
73378
73378
73378
73378
73378
73407
73349
73349
73349
73349
73349
73392
73390
73390
73390
73390
73419
73353
73353
73353
73353
73353
73419
73308
73308
73308
73308
73308
73374
73346
73346
73346
73346
73346
73346
73445
73323
73323
73323
73323
73323
73418
73365
73365
73365
73365
73365
73365
73446
73351
73351
73351
73351
73351
73411
73361
73361
73361
73361
73422
73363
73363
73363
73363
73363
73348
73348
73348
73348
73348
73348
73425
73317
73317
73317
73317
73317
73377
73378
73378
73378
73378
73378
73378
73417
73345
73345
73345
73345
73345
73374
73385
73385
73385
73385
73385
73385
73389
73389
73389
73389
73389
73389
73313
73354
73354
73354
73283
73344
73344
73344
73344
73344
73208
73364
73364
73364
73364
73364
73364
73253
73353
73353
73353
73353
73353
73235
73412
73412
73412
73412
73412
73412
73281
73360
73360
73360
73360
73360
73242
73373
73373
73373
73373
73373
73373
73374
73374
73374
73262
73273
73274
73274
73415
73415
73415
73278
73418
73418
73418
73418
73418
73280
73405
73405
73405
73405
73405
73405
73427
73427
73427
73427
73427
73427
73282
73407
73407
73407
73407
73407
73264
73392
73392
73392
73392
73392
73392
73327
73419
73419
73419
73419
73298
73419
73419
73419
73419
73293
73374
73374
73374
73374
73374
73374
73343
73445
73445
73445
73445
73445
73315
73418
73418
73418
73418
73418
73418
73446
73446
73446
73446
73446
73446
73337
73411
73411
73411
73411
73411
73306
73422
73422
73422
73422
73422
73422
73345
73438
73438
73438
73345
73425
73425
73425
73425
73425
73342
73377
73377
73377
73377
73377
73377
73377
73417
73417
73417
73417
73417
73349
73374
73374
73374
73374
73374
73306
73349
73349
73349
73349
73349
73349
73355
73313
73313
73313
73313
73313
73323
73283
73283
73283
73400
73208
73208
73208
73208
73208
73208
73346
73253
73253
73253
73253
73253
73324
73235
73235
73235
73235
73235
73235
73372
73281
73281
73281
73281
73281
73330
73242
73242
73242
73242
73242
73290
73251
73251
73251
73251
73251
73251
73328
73262
73262
73262
73332
73324
73340
73357
73278
73335
73280
73280
73280
73280
73280
73280
73389
73307
73307
73307
73307
73307
73358
73282
73282
73282
73282
73282
73282
73264
73264
73264
73264
73264
73264
73344
73327
73327
73327
73327
73327
73353
73298
73298
73298
73298
73298
73298
73375
73293
73293
73293
73374
73343
73343
73343
73343
73343
73332
73315
73315
73315
73315
73315
73315
73415
73300
73300
73300
73300
73300
73367
73337
73337
73337
73337
73337
73337
73306
73306
73306
73306
73306
73306
73383
73345
73345
73345
73345
73345
73343
73345
73345
73345
73345
73342
73342
73342
73342
73342
73342
73397
73377
73377
73377
73377
73377
73380
73349
73349
73349
73349
73349
73349
73409
73306
73306
73306
73306
73306
73374
73355
73355
73355
73355
73355
73369
73323
73323
73323
73323
73323
73323
73397
73400
73400
73400
73410
73346
73346
73346
73346
73346
73381
73324
73324
73324
73324
73324
73324
73414
73372
73372
73372
73372
73372
73405
73330
73330
73330
73330
73330
73330
73330
73290
73290
73290
73290
73290
73413
73328
73328
73328
73328
73328
73377
73332
73332
73332
73332
73332
73332
73405
73410
73406
73393
73365
73389
73342
73358
73358
73358
73358
73358
73358
73333
73333
73333
73333
73333
73333
73292
73344
73344
73344
73344
73344
73252
73353
73353
73353
73353
73353
73353
73289
73375
73375
73375
73375
73375
73236
73374
73374
73374
73374
73374
73222
73332
73332
73332
73332
73415
73415
73415
73415
73415
73415
73217
73367
73367
73367
73367
73367
73183
73384
73384
73384
73384
73384
73384
73219
73383
73383
73383
73383
73383
73201
73343
73343
73343
73343
73343
73343
73343
73405
73405
73405
73405
73405
73239
73397
73397
73397
73247
73380
73380
73380
73380
73380
73230
73409
73409
73409
73409
73409
73409
73270
73374
73374
73374
73374
73374
73246
73369
73369
73369
73369
73369
73369
73313
73397
73397
73397
73397
73397
73284
73410
73410
73410
73410
73410
73410
73381
73381
73381
73381
73285
73414
73414
73414
73414
73414
73296
73405
73405
73405
73405
73405
73277
73330
73330
73330
73330
73330
73330
73299
73413
73413
73413
73413
73413
73275
73377
73377
73321
73405
73405
73405
73405
73405
73405
73346
73410
73410
73410
73410
73410
73326
73406
73406
73308
73320
73326
73320
73306
73290
73292
73292
73292
73292
73292
73292
73328
73252
73252
73252
73252
73252
73324
73289
73289
73289
73289
73289
73289
73354
73236
73236
73236
73236
73236
73324
73222
73222
73222
73222
73222
73280
73247
73247
73247
73247
73247
73247
73310
73217
73217
73217
73316
73183
73183
73183
73183
73183
73284
73219
73219
73219
73219
73219
73219
73347
73201
73201
73201
73201
73201
73320
73343
73343
73343
73343
73343
73343
73343
73239
73239
73239
73239
73239
73334
73247
73247
73247
73247
73247
73293
73230
73230
73230
73230
73230
73270
73270
73270
73270
73270
73331
73246
73246
73246
73246
73246
73290
73313
73313
73313
73313
73313
73313
73335
73284
73284
73284
73284
73284
73324
73286
73286
73286
73286
73286
73286
73363
73285
73285
73285
73285
73285
73333
73296
73296
73296
73296
73277
73277
73277
73277
73277
73277
73277
73299
73299
73299
73299
73299
73338
73275
73275
73275
73275
73275
73313
73321
73321
73321
73321
73321
73321
73354
73346
73346
73346
73346
73346
73346
73326
73326
73326
73326
73326
73326
73398
73308
73308
73308
73308
73308
73347
73352
73325
73328
73339
73328
73328
73328
73328
73318
73324
73324
73324
73324
73324
73324
73358
73354
73354
73354
73354
73354
73342
73324
73324
73324
73324
73324
73324
73280
73280
73280
73280
73280
73280
73328
73310
73310
73310
73310
73310
73297
73316
73316
73316
73305
73284
73284
73284
73284
73284
73284
73325
73347
73347
73347
73347
73347
73321
73320
73320
73320
73320
73320
73320
73379
73343
73343
73343
73343
73343
73350
73334
73334
73334
73334
73334
73334
73293
73293
73293
73293
73293
73293
73345
73230
73230
73230
73321
73331
73331
73331
73331
73331
73331
73290
73290
73290
73290
73290
73290
73279
73335
73335
73335
73335
73335
73210
73324
73324
73324
73324
73324
73324
73247
73363
73363
73363
73363
73363
73190
73333
73333
73333
73333
73333
73333
73333
73333
73333
73333
73333
73333
73175
73277
73277
73277
73182
73338
73338
73338
73338
73338
73338
73313
73313
73313
73313
73313
73313
73196
73354
73354
73354
73354
73354
73164
73346
73346
73346
73346
73346
73346
73227
73398
73398
73398
73398
73398
73196
73347
73347
73347
73347
73347
73347
73352
73215
73210
73227
73183
73318
73318
73318
73318
73318
73318
73244
73358
73358
73358
73358
73358
73238
73342
73342
73342
73342
73342
73342
73293
73325
73325
73325
73325
73325
73274
73328
73328
73328
73328
73328
73328
73297
73297
73297
73297
73297
73297
73305
73305
73305
73305
73301
73325
73325
73325
73325
73325
73265
73321
73321
73321
73321
73321
73321
73298
73379
73379
73379
73379
73379
73285
73350
73350
73350
73350
73350
73350
73345
73345
73345
73345
73345
73345
73300
73345
73345
73345
73345
73345
73262
73321
73321
73321
73321
73313
73292
73292
73292
73292
73292
73316
73279
73279
73279
73279
73279
73299
73210
73210
73210
73210
73210
73210
73343
73247
73247
73247
73247
73247
73306
73190
73190
73190
73190
73190
73292
73185
73185
73185
73185
73185
73185
73314
73175
73175
73175
73175
73175
73301
73182
73182
73182
73290
73178
73178
73178
73178
73178
73178
73316
73196
73196
73196
73196
73196
73320
73164
73164
73164
73164
73164
73164
73164
73227
73227
73227
73227
73227
73321
73196
73196
73196
73196
73196
73296
73237
73237
73237
73237
73237
73237
73334
73215
73320
73338
73328
73353
73244
73244
73244
73244
73244
73333
73238
73238
73238
73238
73238
73305
73293
73293
73293
73293
73293
73293
73332
73274
73274
73274
73274
73274
73320
73273
73273
73273
73273
73273
73273
73375
73305
73305
73305
73305
73305
73341
73301
73301
73301
73291
73265
73265
73265
73265
73265
73265
73363
73298
73298
73298
73298
73298
73352
73285
73285
73285
73285
73285
73285
73310
73310
73310
73310
73310
73310
73350
73300
73300
73300
73300
73300
73348
73262
73262
73262
73262
73262
73262
73389
73313
73313
73313
73313
73382
73316
73316
73316
73316
73366
73299
73299
73299
73299
73299
73299
73412
73343
73343
73343
73343
73343
73380
73306
73306
73306
73306
73306
73343
73292
73292
73292
73292
73292
73292
73376
73314
73314
73314
73314
73314
73359
73301
73301
73301
73301
73361
73290
73290
73290
73316
73316
73316
73316
73316
73351
73320
73320
73320
73320
73320
73311
73164
73164
73164
73164
73164
73164
73321
73321
73321
73321
73321
73321
73244
73296
73296
73296
73296
73296
73162
73334
73334
73334
73334
73334
73334
73198
73320
73320
73320
73320
73320
73174
73192
73171
73168
73179
73305
73305
73305
73305
73305
73332
73332
73332
73332
73332
73332
73192
73320
73320
73320
73320
73320
73159
73375
73375
73375
73375
73375
73375
73208
73341
73341
73341
73341
73341
73216
73291
73291
73291
73291
73291
73291
73268
73363
73363
73363
73224
73352
73352
73352
73352
73352
73249
73331
73331
73331
73331
73331
73331
73350
73350
73350
73350
73350
73350
73241
73348
73348
73348
73348
73348
73201
73389
73389
73389
73389
73389
73389
73261
73382
73382
73382
73382
73382
73253
73366
73366
73366
73366
73266
73412
73412
73412
73412
73412
73307
73380
73380
73380
73380
73380
73268
73343
73343
73343
73343
73343
73248
73376
73376
73376
73376
73376
73376
73279
73359
73359
73359
73359
73359
73256
73361
73361
73361
73361
73361
73361
73300
73290
73290
73290
73290
73290
73278
73351
73351
73351
73269
73311
73311
73311
73311
73311
73311
73304
73294
73294
73294
73294
73294
73291
73244
73244
73244
73244
73244
73244
73162
73162
73162
73162
73162
73162
73287
73198
73198
73198
73198
73198
73253
73174
73174
73174
73174
73174
73174
73309
73192
73288
73286
73280
73270
73213
73236
73192
73192
73192
73192
73192
73192
73302
73159
73159
73159
73159
73159
73291
73208
73208
73208
73208
73208
73208
73321
73216
73216
73216
73216
73216
73291
73268
73268
73268
73268
73268
73255
73224
73224
73224
73224
73224
73224
73301
73249
73249
73249
73312
73272
73272
73272
73272
73272
73281
73241
73241
73241
73241
73241
73241
73350
73201
73201
73201
73201
73201
73319
73261
73261
73261
73261
73261
73261
73253
73253
73253
73253
73253
73253
73314
73266
73266
73266
73266
73266
73281
73307
73307
73307
73311
73268
73268
73268
73268
73268
73268
73322
73248
73248
73248
73248
73248
73328
73279
73279
73279
73279
73279
73279
73366
73256
73256
73256
73256
73256
73334
73300
73300
73300
73300
73300
73303
73278
73278
73278
73278
73278
73278
73333
73269
73269
73269
73340
73304
73304
73304
73304
73304
73297
73291
73291
73291
73291
73291
73291
73320
73255
73255
73255
73255
73255
73290
73287
73287
73287
73287
73287
73287
73367
73253
73253
73253
73253
73253
73338
73309
73309
73309
73309
73309
73309
73288
73288
73288
73288
73288
73344
73373
73361
73361
73355
73302
73302
73291
73291
73291
73291
73291
73291
73354
73321
73321
73321
73321
73321
73319
73291
73291
73291
73291
73291
73291
73358
73255
73255
73255
73255
73255
73331
73301
73301
73301
73301
73301
73301
73382
73312
73312
73312
73312
73312
73348
73281
73281
73281
73345
73350
73350
73350
73350
73350
73350
73319
73319
73319
73319
73319
73319
73323
73320
73320
73320
73320
73320
73288
73314
73314
73314
73314
73314
73314
73326
73281
73281
73281
73281
73281
73272
73311
73311
73311
73311
73311
73311
73322
73322
73322
73322
73254
73328
73328
73328
73328
73328
73182
73366
73366
73366
73366
73366
73147
73334
73334
73334
73334
73334
73334
73169
73303
73303
73303
73303
73303
73145
73333
73333
73333
73333
73333
73333
73208
73340
73340
73340
73340
73340
73172
73297
73297
73297
73297
73320
73320
73320
73320
73320
73320
73290
73290
73290
73290
73290
73290
73216
73367
73367
73367
73367
73367
73176
73338
73338
73338
73338
73338
73338
73200
73330
73330
73330
73330
73330
73189
73344
73344
73344
73344
73344
73344
73252
73373
73373
73373
73373
73227
73213
73228
73233
73259
73354
73354
73354
73354
73249
73319
73319
73319
73319
73319
73219
73358
73358
73358
73358
73358
73358
73264
73331
73331
73331
73331
73331
73265
73382
73382
73382
73382
73382
73382
73382
73348
73348
73348
73348
73348
73289
73345
73345
73345
73257
73329
73329
73329
73329
73329
73245
73323
73323
73323
73323
73323
73323
73304
73288
73288
73288
73288
73288
73308
73326
73326
73326
73326
73326
73326
73272
73272
73272
73272
73272
73272
73295
73236
73236
73236
73236
73236
73271
73254
73254
73254
73254
73254
73298
73182
73182
73182
73182
73269
73147
73147
73147
73147
73276
73169
73169
73169
73274
73145
73145
73145
73145
73145
73145
73286
73208
73208
73208
73208
73208
73262
73172
73172
73172
73172
73172
73247
73186
73186
73186
73186
73186
73186
73283
73215
73215
73215
73281
73216
73216
73216
73216
73216
73262
73176
73176
73176
73176
73176
73176
73330
73200
73200
73200
73200
73200
73314
73189
73189
73189
73189
73189
73189
73252
73252
73252
73252
73252
73252
73314
73227
73227
73227
73227
73227
73306
73213
73213
73213
73213
73213
73213
73345
73323
73341
73319
73249
73287
73219
73219
73219
73219
73219
73219
73366
73264
73264
73264
73264
73264
73328
73265
73265
73265
73265
73265
73265
73265
73382
73382
73382
73382
73382
73319
73289
73289
73289
73289
73289
73274
73257
73257
73257
73257
73257
73257
73311
73245
73245
73245
73302
73304
73304
73304
73304
73304
73293
73308
73308
73308
73308
73308
73308
73324
73314
73314
73314
73314
73314
73321
73295
73295
73295
73295
73295
73295
73271
73271
73271
73271
73271
73271
73295
73298
73298
73298
73298
73298
73278
73269
73269
73269
73269
73276
73276
73276
73276
73276
73276
73327
73274
73274
73274
73274
73274
73305
73286
73286
73286
73286
73286
73286
73350
73262
73262
73262
73262
73262
73322
73247
73247
73247
73247
73247
73286
73283
73283
73283
73283
73283
73283
73312
73281
73281
73281
73303
73262
73262
73262
73262
73262
73266
73330
73330
73330
73330
73330
73330
73316
73314
73314
73314
73314
73314
73294
73295
73295
73295
73295
73295
73295
73314
73314
73314
73314
73314
73314
73284
73306
73306
73306
73306
73306
73260
73345
73345
73345
73345
73345
73345
73298
73269
73248
73208
73139
73366
73366
73366
73366
73366
73366
73138
73328
73328
73328
73328
73328
73102
73265
73265
73265
73265
73265
73265
73128
73319
73319
73319
73319
73319
73081
73274
73274
73274
73274
73274
73274
73311
73311
73311
73311
73311
73311
73056
73302
73302
73302
73061
73293
73293
73293
73293
73293
73019
73324
73324
73324
73324
73324
73324
73052
73321
73321
73321
73321
73321
73053
73311
73311
73311
73311
73311
73311
73311
73295
73295
73295
73295
73295
73076
73278
73278
73278
73278
73278
73050
73335
73335
73335
73128
73327
73327
73327
73327
73327
73327
73100
73305
73305
73305
73305
73305
73095
73350
73350
73350
73350
73350
73350
73146
73322
73322
73322
73322
73322
73100
73286
73286
73286
73286
73286
73286
73312
73312
73312
73312
73312
73312
73118
73303
73303
73303
73134
73266
73266
73266
73266
73266
73102
73316
73316
73316
73316
73316
73316
73131
73294
73294
73294
73294
73294
73138
73327
73327
73327
73327
73327
73327
73192
73284
73284
73284
73284
73284
73165
73260
73260
73260
73260
73260
73260
73298
73298
73298
73298
73298
73298
73193
73199
73203
73191
73139
73206
73138
73138
73138
73138
73138
73194
73102
73102
73102
73102
73102
73102
73128
73128
73128
73128
73128
73128
73181
73081
73081
73081
73081
73081
73136
73069
73069
73069
73069
73069
73069
73183
73056
73056
73056
73056
73056
73163
73061
73061
73061
73153
73019
73019
73019
73019
73019
73019
73184
73052
73052
73052
73052
73052
73200
73053
73053
73053
73053
73053
73053
73231
73311
73311
73311
73311
73311
73217
73076
73076
73076
73076
73076
73076
73050
73050
73050
73050
73050
73050
73224
73128
73128
73128
73206
73100
73100
73100
73100
73100
73100
73095
73095
73095
73095
73095
73095
73245
73146
73146
73146
73146
73146
73222
73100
73100
73100
73100
73100
73100
73267
73094
73094
73094
73094
73094
73254
73118
73118
73118
73118
73118
73118
73134
73134
73134
73134
73242
73102
73102
73102
73102
73102
73258
73131
73131
73131
73131
73131
73131
73138
73138
73138
73138
73138
73138
73268
73192
73192
73192
73192
73192
73234
73165
73165
73165
73165
73165
73165
73287
73185
73185
73185
73185
73185
73261
73193
73193
73193
73193
73193
73193
73193
73251
73260
73271
73268
73194
73194
73194
73263
73191
73191
73191
73191
73191
73224
73181
73181
73181
73181
73181
73181
73264
73136
73136
73136
73136
73136
73239
73183
73183
73183
73183
73183
73183
73183
73163
73163
73163
73163
73163
73257
73153
73153
73153
73248
73184
73184
73184
73184
73184
73184
73200
73200
73200
73200
73200
73200
73266
73231
73231
73231
73231
73231
73226
73217
73217
73217
73217
73267
73223
73223
73223
73223
73306
73224
73224
73224
73224
73224
73254
73206
73206
73206
73206
73206
73206
73228
73228
73228
73228
73241
73245
73245
73245
73245
73245
73253
73222
73222
73222
73222
73222
73213
73267
73267
73267
73267
73267
73267
73228
73254
73254
73254
73254
73254
73211
73272
73272
73272
73272
73272
73272
73236
73242
73242
73242
73242
73242
73209
73258
73258
73258
73258
73188
73253
73253
73253
73253
73253
73185
73268
73268
73268
73268
73268
73133
73234
73234
73234
73234
73234
73088
73287
73287
73287
73287
73287
73287
73101
73261
73261
73261
73261
73261
73084
73193
73193
73193
73193
73193
73193
73193
73251
73251
73251
73251
73251
73073
73081
73089
73108
73105
73100
73264
73264
73264
73264
73264
73080
73239
73239
73239
73239
73239
73239
73127
73183
73183
73183
73183
73183
73107
73257
73257
73257
73257
73257
73257
73132
73248
73248
73248
73248
73248
73107
73240
73240
73240
73240
73240
73240
73266
73266
73266
73266
73163
73226
73226
73226
73226
73226
73092
73267
73267
73267
73267
73267
73267
73306
73306
73306
73306
73306
73306
73126
73254
73254
73254
73254
73254
73103
73254
73254
73254
73254
73254
73254
73159
73241
73241
73241
73241
73241
73138
73253
73253
73253
73134
73213
73213
73213
73213
73213
73213
73183
73228
73228
73228
73228
73228
73144
73211
73211
73211
73211
73211
73131
73236
73236
73236
73236
73236
73236
73127
73209
73209
73209
73209
73209
73124
73188
73188
73188
73188
73188
73188
73162
73185
73185
73185
73185
73138
73133
73133
73133
73133
73130
73088
73088
73088
73088
73088
73088
73167
73101
73101
73101
73101
73101
73133
73084
73084
73084
73084
73084
73114
73193
73193
73193
73193
73193
73193
73125
73073
73073
73073
73073
73073
73117
73081
73081
73081
73081
73081
73081
73166
73128
73132
73132
73123
73080
73080
73119
73127
73127
73127
73127
73127
73127
73178
73107
73107
73107
73107
73107
73172
73132
73132
73132
73132
73132
73132
73225
73107
73107
73107
73107
73107
73193
73103
73103
73103
73103
73103
73103
73163
73163
73163
73163
73191
73092
73092
73092
73092
73092
73194
73099
73099
73099
73099
73099
73157
73126
73126
73126
73126
73126
73126
73195
73103
73103
73103
73103
73103
73161
73159
73159
73159
73159
73159
73159
73241
73138
73138
73138
73138
73138
73189
73134
73134
73134
73134
73134
73134
73183
73183
73183
73183
73218
73144
73144
73144
73144
73144
73197
73131
73131
73131
73131
73131
73175
73127
73127
73127
73127
73127
73127
73213
73124
73124
73124
73124
73124
73203
73162
73162
73162
73162
73162
73162
73245
73138
73138
73138
73138
73138
73230
73130
73130
73130
73215
73167
73167
73167
73167
73167
73167
73257
73133
73133
73133
73133
73133
73229
73114
73114
73114
73114
73114
73114
73125
73125
73125
73125
73125
73125
73220
73117
73117
73117
73117
73117
73154
73166
73166
73166
73166
73166
73166
73176
73128
73128
73128
73127
73104
73064
73054
73037
73178
73178
73178
73178
73009
73172
73172
73172
73172
73172
73172
73172
73225
73225
73225
73225
73225
73030
73193
73193
73193
73193
73193
73028
73207
73207
73207
73207
73207
73207
73051
73191
73191
73191
73191
73191
73035
73194
73194
73194
73194
73157
73157
73157
73157
73157
73157
73119
73195
73195
73195
73195
73195
73123
73161
73161
73161
73161
73161
73161
73193
73241
73241
73241
73241
73241
73171
73189
73189
73189
73189
73189
73189
73184
73184
73184
73184
73184
73184
73192
73218
73218
73218
73218
73202
73197
73197
73197
73197
73164
73175
73175
73175
73175
73175
73175
73224
73213
73213
73213
73213
73213
73202
73203
73203
73203
73203
73203
73203
73248
73245
73245
73245
73245
73245
73226
73230
73230
73230
73230
73230
73230
73215
73215
73215
73215
73215
73215
73226
73257
73257
73257
73231
73229
73229
73229
73229
73229
73229
73224
73224
73224
73224
73224
73224
73223
73220
73220
73220
73220
73220
73196
73154
73154
73154
73154
73154
73154
73254
73176
73176
73176
73176
73176
73214
73127
73127
73127
73127
73127
73127
73104
73104
73195
73198
73206
73222
73009
73199
73172
73172
73172
73172
73172
73172
73247
73030
73030
73030
73030
73030
73230
73028
73028
73028
73028
73028
73028
73051
73051
73051
73051
73051
73051
73222
73035
73035
73035
73035
73035
73188
73123
73123
73205
73119
73119
73119
73119
73119
73123
73123
73123
73123
73123
73251
73193
73193
73193
73193
73193
73224
73171
73171
73171
73171
73171
73171
73174
73174
73174
73174
73174
73174
73235
73192
73192
73192
73192
73192
73201
73202
73202
73202
73202
73202
73202
73233
73164
73164
73164
73164
73164
73239
73224
73224
73224
73228
73202
73202
73202
73202
73202
73202
73272
73248
73248
73248
73248
73248
73235
73226
73226
73226
73226
73226
73226
73232
73232
73232
73232
73232
73232
73243
73226
73226
73226
73226
73226
73213
73231
73231
73231
73231
73231
73231
73251
73217
73217
73217
73241
73223
73223
73223
73223
73223
73241
73196
73196
73196
73196
73196
73196
73273
73254
73254
73254
73254
73254
73230
73214
73214
73214
73214
73214
73214
73226
73226
73226
73226
73226
73226
73259
73195
73195
73195
73195
73195
73228
73198
73198
73198
73255
73258
73254
73241
73247
73247
73230
73230
73230
73230
73230
73230
73266
73238
73238
73238
73238
73238
73226
73222
73222
73222
73222
73222
73222
73268
73188
73188
73188
73188
73188
73246
73205
73205
73205
73205
73205
73205
73294
73119
73119
73119
73119
73119
73269
73251
73251
73251
73264
73224
73224
73224
73224
73224
73224
73211
73211
73211
73211
73211
73211
73256
73235
73235
73235
73235
73235
73192
73201
73201
73201
73201
73201
73201
73214
73233
73233
73233
73233
73233
73168
73239
73239
73239
73239
73239
73239
73193
73228
73228
73228
73128
73272
73272
73272
73272
73272
73115
73235
73235
73235
73235
73235
73235
73269
73269
73269
73269
73269
73269
73094
73243
73243
73243
73243
73243
73062
73213
73213
73213
73213
73213
73213
73093
73251
73251
73251
73251
73251
73091
73241
73241
73241
73241
73241
73241
73241
73241
73241
73241
73128
73273
73273
73273
73273
73273
73107
73230
73230
73230
73230
73230
73230
73220
73220
73220
73220
73220
73220
73130
73259
73259
73259
73259
73259
73099
73228
73228
73228
73228
73228
73228
73145
73255
73255
73255
73255
73157
73161
73160
73163
73271
73156
73266
73266
73266
73266
73266
73266
73186
73226
73226
73226
73226
73226
73155
73268
73268
73268
73268
73268
73268
73215
73246
73246
73246
73246
73246
73200
73294
73294
73294
73294
73294
73294
73269
73269
73269
73269
73269
73269
73193
73264
73264
73264
73192
73269
73269
73269
73269
73269
73269
73256
73256
73256
73256
73256
73256
73192
73192
73192
73192
73192
73192
73179
73214
73214
73214
73214
73214
73214
73224
73168
73168
73168
73168
73168
73217
73193
73193
73193
73193
73193
73193
73128
73128
73128
73128
73199
73115
73115
73115
73115
73115
73199
73119
73119
73119
73119
73119
73170
73094
73094
73094
73094
73094
73094
73223
73062
73062
73062
73062
73062
73216
73093
73093
73093
73093
73093
73093
73091
73091
73091
73091
73091
73091
73218
73113
73113
73113
73219
73128
73128
73128
73128
73128
73189
73107
73107
73107
73107
73107
73107
73221
73125
73125
73125
73125
73125
73201
73130
73130
73130
73130
73130
73130
73248
73099
73099
73099
73099
73099
73222
73145
73145
73145
73145
73145
73145
73157
73157
73157
73157
73157
73157
73227
73230
73231
73238
73156
73231
73186
73186
73186
73186
73186
73234
73155
73155
73155
73155
73155
73155
73282
73215
73215
73215
73215
73215
73258
73200
73200
73200
73200
73200
73200
73217
73217
73217
73217
73217
73217
73287
73193
73193
73193
73193
73193
73249
73192
73192
73192
73228
73192
73192
73192
73192
73192
73192
73270
73192
73192
73192
73192
73192
73270
73179
73179
73179
73179
73179
73179
73324
73224
73224
73224
73224
73224
73279
73217
73217
73217
73217
73217
73217
73198
73198
73198
73198
73198
73198
73290
73199
73199
73199
73254
73199
73199
73199
73199
73199
73242
73170
73170
73170
73170
73170
73170
73264
73223
73223
73223
73223
73223
73269
73216
73216
73216
73216
73216
73216
73216
73223
73223
73223
73223
73223
73253
73218
73218
73218
73218
73218
73233
73219
73219
73219
73219
73259
73189
73189
73189
73189
73189
73252
73221
73221
73221
73221
73221
73225
73201
73201
73201
73201
73201
73201
73273
73248
73248
73248
73248
73248
73268
73222
73222
73222
73222
73222
73222
73288
73234
73234
73234
73234
73234
73242
73227
73227
73227
73227
73227
73227
73203
73153
73132
73069
73234
73234
73077
73282
73282
73282
73282
73282
73282
73096
73258
73258
73258
73258
73258
73073
73254
73254
73254
73254
73254
73254
73102
73287
73287
73287
73287
73287
73075
73249
73249
73249
73249
73249
73249
73228
73228
73228
73228
73228
73090
73270
73270
73270
73270
73092
73270
73270
73270
73270
73270
73056
73324
73324
73324
73324
73324
73324
73123
73279
73279
73279
73279
73279
73134
73276
73276
73276
73276
73276
73276
73187
73290
73290
73290
73290
73290
73157
73254
73254
73254
73254
73254
73254
73242
73242
73242
73242
73242
73264
73264
73264
73264
73264
73182
73269
73269
73269
73269
73269
73148
73216
73216
73216
73216
73216
73216
73178
73253
73253
73253
73253
73253
73169
73233
73233
73233
73233
73233
73233
73209
73259
73259
73259
73259
73259
73190
73252
73252
73252
73157
73225
73225
73225
73225
73225
73225
73225
73273
73273
73273
73273
73273
73215
73268
73268
73268
73268
73268
73194
73288
73288
73288
73288
73288
73288
73228
73242
73242
73242
73242
73242
73223
73223
73223
73223
73223
73223
73223
73261
73203
73203
73203
73203
73221
73233
73220
73209
73241
73096
73096
73096
73096
73234
73073
73073
73073
73073
73073
73201
73102
73102
73102
73102
73102
73102
73262
73075
73075
73075
73075
73075
73223
73082
73082
73082
73082
73082
73082
73090
73090
73090
73090
73090
73090
73240
73092
73092
73092
73195
73056
73056
73056
73056
73056
73204
73123
73123
73123
73123
73123
73123
73209
73134
73134
73134
73134
73134
73198
73187
73187
73187
73187
73187
73187
73233
73157
73157
73157
73157
73157
73210
73136
73136
73136
73136
73136
73136
73242
73242
73242
73242
73201
73182
73182
73182
73182
73182
73197
73148
73148
73148
73148
73148
73151
73178
73178
73178
73178
73178
73178
73193
73169
73169
73169
73169
73169
73202
73209
73209
73209
73209
73209
73209
73252
73190
73190
73190
73190
73190
73240
73157
73157
73157
73157
73157
73219
73225
73225
73225
73225
73215
73215
73215
73215
73215
73215
73257
73194
73194
73194
73194
73194
73214
73228
73228
73228
73228
73228
73228
73265
73223
73223
73223
73223
73223
73266
73261
73261
73261
73261
73261
73261
73261
73221
73221
73221
73221
73221
73276
73233
73277
73297
73295
73287
73234
73234
73234
73334
73201
73201
73201
73201
73201
73281
73262
73262
73262
73262
73262
73262
73223
73223
73223
73223
73223
73223
73263
73245
73245
73245
73245
73245
73247
73240
73240
73240
73240
73240
73240
73296
73195
73195
73195
73195
73262
73204
73204
73204
73204
73260
73209
73209
73209
73209
73209
73209
73293
73198
73198
73198
73198
73198
73259
73233
73233
73233
73233
73233
73233
73210
73210
73210
73210
73210
73210
73223
73182
73182
73182
73182
73182
73144
73201
73201
73201
73201
73201
73201
73188
73197
73197
73197
73121
73151
73151
73151
73151
73151
73062
73193
73193
73193
73193
73193
73193
73193
73202
73202
73202
73202
73202
73043
73252
73252
73252
73252
73252
72999
73240
73240
73240
73240
73240
73240
73058
73219
73219
73219
73219
73219
73035
73256
73256
73256
73000
73257
73257
73257
73257
73257
73257
73214
73214
73214
73214
73214
73214
73044
73265
73265
73265
73265
73265
73024
73266
73266
73266
73266
73266
73266
73078
73261
73261
73261
73261
73261
73073
73276
73276
73276
73276
73276
73276
73113
73277
73277
73277
73277
73094
73090
73106
73133
73106
73281
73281
73281
73285
73285
73285
73285
73285
73285
73144
73263
73263
73263
73263
73263
73163
73247
73247
73247
73247
73247
73247
73187
73296
73296
73296
73296
73296
73173
73262
73262
73262
73262
73262
73262
73229
73260
73260
73260
73197
73293
73293
73293
73293
73293
73200
73259
73259
73259
73259
73259
73259
73218
73232
73232
73232
73232
73232
73195
73223
73223
73223
73223
73223
73145
73144
73144
73144
73144
73144
73144
73195
73188
73188
73188
73188
73188
73172
73121
73121
73121
73121
73121
73121
73213
73062
73062
73062
73212
73193
73193
73193
73193
73193
73203
73043
73043
73043
73043
73043
73043
72999
72999
72999
72999
72999
72999
73199
73058
73058
73058
73058
73058
73179
73035
73035
73035
73035
73035
73035
73217
73000
73000
73000
73000
73000
73191
73059
73059
73059
73160
73044
73044
73044
73044
73044
73044
73024
73024
73024
73024
73024
73024
73181
73078
73078
73078
73174
73073
73073
73073
73073
73172
73113
73113
73113
73113
73113
73113
73219
73094
73094
73094
73094
73094
73194
73090
73090
73090
73090
73090
73090
73106
73196
73202
73205
73204
73210
73163
73163
73163
73163
73163
73173
73187
73187
73187
73187
73187
73187
73229
73173
73173
73173
73173
73173
73205
73229
73229
73229
73229
73229
73229
73197
73197
73197
73197
73197
73197
73211
73200
73200
73200
73200
73200
73193
73218
73218
73218
73219
73195
73195
73195
73195
73195
73195
73222
73145
73145
73145
73145
73145
73232
73195
73195
73195
73195
73195
73195
73270
73172
73172
73172
73172
73172
73243
73213
73213
73213
73213
73213
73213
73212
73212
73212
73212
73212
73212
73249
73203
73203
73203
73257
73205
73205
73205
73205
73205
73205
73199
73199
73199
73199
73199
73199
73261
73179
73179
73179
73179
73179
73225
73217
73217
73217
73217
73217
73217
73278
73191
73191
73191
73191
73191
73248
73160
73160
73160
73160
73160
73160
73191
73191
73191
73191
73191
73221
73181
73181
73181
73181
73229
73174
73174
73174
73174
73174
73179
73172
73172
73172
73172
73172
73172
73209
73219
73219
73219
73219
73219
73162
73194
73194
73194
73194
73194
73194
73176
73212
73212
73212
73212
73212
73130
73196
73196
73196
73196
73196
73196
73202
73080
73070
73056
73064
73173
73173
73173
73173
73066
73229
73229
73229
73229
73229
73033
73205
73205
73205
73205
73205
73205
73091
73246
73246
73246
73246
73246
73064
73211
73211
73211
73211
73211
73211
73211
73193
73193
73193
73193
73193
73077
73219
73219
73219
73067
73222
73222
73222
73222
73222
73222
73232
73232
73232
73232
73232
73232
73108
73270
73270
73270
73270
73270
73089
73243
73243
73243
73243
73243
73243
73144
73254
73254
73254
73254
73254
73147
73249
73249
73249
73249
73249
73249
73187
73257
73257
73257
73257
73257
73180
73235
73235
73235
73185
73261
73261
73261
73261
73261
73261
73225
73225
73225
73225
73225
73225
73189
73278
73278
73278
73278
73278
73182
73248
73248
73248
73248
73248
73248
73225
73230
73230
73230
73230
73230
73216
73221
73221
73221
73221
73221
73221
73260
73229
73229
73229
73242
73179
73179
73179
73179
73179
73213
73209
73209
73209
73209
73209
73209
73162
73162
73162
73162
73162
73162
73210
73176
73176
73176
73176
73176
73167
73130
73130
73130
73130
73130
73130
73215
73083
73083
73083
73083
73083
73178
73080
73080
73080
73194
73201
73202
73225
73066
73066
73066
73066
73213
73033
73033
73033
73033
73033
73210
73091
73091
73091
73091
73091
73091
73064
73064
73064
73064
73064
73064
73200
73211
73211
73211
73211
73211
73185
73077
73077
73077
73077
73077
73077
73251
73067
73067
73067
73223
73062
73062
73062
73062
73062
73209
73108
73108
73108
73108
73108
73108
73262
73089
73089
73089
73089
73089
73229
73144
73144
73144
73144
73144
73144
73147
73147
73147
73147
73147
73147
73221
73187
73187
73187
73187
73187
73194
73180
73180
73180
73180
73180
73233
73185
73185
73185
73185
73219
73199
73199
73199
73199
73199
73210
73189
73189
73189
73189
73189
73189
73275
73182
73182
73182
73182
73182
73245
73225
73225
73225
73225
73225
73225
73216
73216
73216
73216
73216
73216
73261
73260
73260
73260
73260
73260
73207
73242
73242
73242
73242
73213
73213
73213
73213
73213
73213
73270
73251
73251
73251
73251
73251
73229
73210
73210
73210
73210
73210
73210
73283
73167
73167
73167
73167
73167
73270
73215
73215
73215
73215
73215
73215
73315
73178
73178
73178
73178
73178
73264
73194
73194
73291
73278
73295
73288
73213
73213
73213
73310
73210
73210
73210
73210
73210
73291
73208
73208
73208
73208
73208
73208
73303
73200
73200
73200
73200
73200
73252
73185
73185
73185
73185
73185
73180
73251
73251
73251
73251
73251
73251
73178
73223
73223
73223
73223
73141
73209
73209
73209
73209
73104
73262
73262
73262
73262
73262
73262
73142
73229
73229
73229
73229
73229
73086
73223
73223
73223
73223
73223
73223
73221
73221
73221
73221
73221
73221
73100
73194
73194
73194
73194
73194
73078
73233
73233
73233
73233
73233
73233
73133
73219
73219
73219
73142
73210
73210
73210
73210
73210
73134
73275
73275
73275
73275
73275
73275
73177
73245
73245
73245
73245
73245
73154
73263
73263
73263
73263
73263
73263
73261
73261
73261
73169
73207
73207
73207
73207
73207
73167
73282
73282
73282
73282
73282
73162
73270
73270
73270
73149
73229
73229
73229
73229
73229
73229
73206
73283
73283
73283
73283
73283
73182
73270
73270
73270
73270
73270
73270
73315
73315
73315
73315
73315
73315
73181
73264
73264
73264
73264
73264
73170
73291
73291
73291
73291
73291
73291
73223
73278
73193
73215
73218
73243
73291
73291
73291
73291
73223
73303
73303
73303
73303
73303
73209
73252
73252
73252
73252
73252
73252
73252
73180
73180
73180
73180
73180
73230
73178
73178
73178
73178
73178
73201
73141
73141
73141
73141
73141
73141
73228
73104
73104
73104
73229
73142
73142
73142
73142
73142
73203
73086
73086
73086
73086
73086
73086
73250
73099
73099
73099
73099
73099
73245
73100
73100
73100
73100
73100
73100
73100
73078
73078
73078
73078
73078
73258
73133
73133
73133
73133
73133
73255
73142
73142
73142
73142
73142
73310
73134
73134
73134
73134
73298
73177
73177
73177
73177
73177
73316
73154
73154
73154
73154
73154
73154
73361
73175
73175
73175
73175
73175
73356
73169
73169
73169
73169
73169
73169
73167
73167
73167
73167
73167
73167
73357
73162
73162
73162
73162
73162
73340
73149
73149
73149
73376
73206
73206
73206
73206
73206
73206
73407
73182
73182
73182
73182
73182
73383
73178
73178
73178
73178
73178
73178
73434
73181
73181
73181
73181
73181
73395
73170
73170
73170
73170
73170
73170
73223
73223
73223
73223
73223
73223
73397
73193
73193
73385
73365
73386
73376
73361
73209
73209
73209
73209
73209
73387
73252
73252
73252
73252
73252
73356
73230
73230
73230
73230
73230
73324
73201
73201
73201
73201
73201
73201
73328
73228
73228
73228
73228
73228
73314
73229
73229
73229
73229
73229
73229
73359
73203
73203
73203
73301
73250
73250
73250
73250
73250
73279
73245
73245
73245
73245
73245
73245
73100
73100
73100
73100
73100
73100
73218
73258
73258
73258
73258
73258
73157
73255
73255
73255
73255
73255
73255
73184
73310
73310
73310
73310
73310
73149
73298
73298
73298
73298
73152
73316
73316
73316
73316
73316
73187
73361
73361
73361
73361
73361
73170
73356
73356
73356
73356
73356
73356
73356
73344
73344
73344
73344
73344
73175
73357
73357
73357
73357
73357
73141
73340
73340
73340
73340
73340
73340
73167
73376
73376
73376
73376
73376
73156
73407
73407
73407
73151
73383
73383
73383
73383
73383
73383
73207
73434
73434
73434
73434
73434
73200
73395
73395
73395
73395
73395
73395
73238
73387
73387
73387
73387
73387
73190
73397
73397
73397
73397
73397
73181
73385
73385
73385
73385
73385
73385
73215
73365
73215
73225
73215
73225
73213
73356
73356
73356
73356
73356
73356
73245
73324
73324
73324
73324
73324
73224
73328
73328
73328
73328
73328
73328
73314
73314
73314
73314
73314
73314
73209
73359
73359
73359
73359
73359
73189
73301
73301
73301
73301
73301
73301
73219
73279
73279
73279
73206
73257
73257
73257
73257
73257
73175
73218
73218
73218
73218
73218
73218
73227
73157
73157
73157
73157
73157
73190
73184
73184
73184
73184
73184
73184
73149
73149
73149
73149
73149
73149
73196
73152
73152
73152
73152
73152
73145
73187
73187
73187
73187
73221
73170
73170
73170
73170
73170
73212
73356
73356
73356
73356
73356
73177
73175
73175
73175
73175
73175
73175
73233
73141
73141
73141
73141
73141
73232
73167
73167
73167
73167
73167
73167
73267
73156
73156
73156
73156
73156
73241
73151
73151
73151
73151
73231
73207
73207
73207
73207
73207
73200
73200
73200
73200
73200
73200
73248
73238
73238
73238
73238
73238
73210
73190
73190
73190
73190
73190
73190
73265
73181
73181
73181
73181
73181
73237
73215
73215
73215
73215
73215
73215
73215
73215
73215
73215
73215
73215
73236
73263
73256
73252
73259
73245
73245
73245
73245
73223
73224
73224
73224
73224
73224
73224
73261
73202
73202
73202
73202
73202
73224
73209
73209
73209
73209
73209
73209
73265
73189
73189
73189
73189
73189
73287
73219
73219
73219
73219
73219
73219
73206
73206
73206
73206
73272
73175
73175
73175
73175
73175
73269
73227
73227
73227
73227
73227
73246
73190
73190
73190
73190
73190
73190
73284
73174
73174
73174
73174
73174
73272
73196
73196
73196
73196
73196
73196
73294
73145
73145
73145
73145
73145
73243
73221
73221
73221
73221
73221
73185
73175
73177
73177
73177
73177
73177
73177
73233
73233
73233
73233
73233
73233
73105
73232
73232
73232
73232
73232
73048
73267
73267
73267
73267
73267
73267
73094
73241
73241
73241
73241
73241
73052
73231
73231
73231
73231
73231
73231
73242
73242
73242
73242
73053
73248
73248
73248
73248
73248
73064
73210
73210
73210
73210
73210
73029
73265
73265
73265
73265
73265
73265
73080
73237
73237
73237
73237
73237
73058
73263
73263
73263
73263
73263
73263
73106
73236
73236
73236
73236
73236
73094
73263
73263
73263
73263
73263
73053
73127
73137
73146
73117
73261
73261
73261
73261
73261
73261
73183
73224
73224
73224
73224
73224
73169
73265
73265
73265
73265
73265
73265
73287
73287
73287
73287
73287
73287
73170
73260
73260
73260
73260
73260
73149
73272
73272
73272
73272
73272
73272
73199
73269
73269
73269
73183
73246
73246
73246
73246
73246
73171
73284
73284
73284
73284
73284
73284
73211
73272
73272
73272
73272
73272
73179
73294
73294
73294
73294
73294
73294
73243
73243
73243
73243
73243
73243
73189
73185
73185
73185
73185
73185
73140
73175
73175
73175
73175
73188
73122
73122
73122
73122
73122
73202
73105
73105
73105
73105
73105
73179
73048
73048
73048
73048
73048
73048
73212
73094
73094
73094
73094
73094
73176
73052
73052
73052
73052
73052
73052
73055
73055
73055
73055
73055
73055
73176
73053
73053
73053
73053
73053
73144
73064
73064
73064
73064
73029
73029
73029
73029
73029
73029
73165
73080
73080
73080
73080
73080
73135
73058
73058
73058
73058
73058
73058
73186
73106
73106
73106
73106
73106
73179
73094
73094
73094
73094
73094
73094
73094
73053
73053
73053
73053
73053
73163
73127
73183
73187
73181
73210
73183
73183
73183
73183
73183
73183
73169
73169
73169
73169
73169
73169
73202
73157
73157
73157
73157
73157
73171
73170
73170
73170
73170
73170
73170
73237
73149
73149
73149
73149
73149
73211
73199
73199
73199
73199
73199
73199
73268
73183
73183
73183
73244
73171
73171
73171
73171
73171
73244
73211
73211
73211
73211
73211
73211
73179
73179
73179
73179
73179
73179
73252
73180
73180
73180
73180
73180
73223
73189
73189
73189
73189
73189
73189
73273
73140
73140
73140
73140
73140
73257
73188
73188
73188
73188
73202
73202
73202
73202
73202
73202
73284
73179
73179
73179
73179
73179
73266
73212
73212
73212
73212
73212
73214
73176
73176
73176
73176
73176
73176
73257
73195
73195
73195
73195
73195
73238
73176
73176
73176
73176
73176
73176
73283
73144
73144
73144
73144
73144
73254
73179
73179
73179
73267
73165
73165
73165
73165
73165
73165
73135
73135
73135
73135
73135
73135
73267
73186
73186
73186
73186
73186
73215
73179
73179
73179
73179
73179
73179
73253
73094
73094
73094
73094
73094
73210
73163
73163
73163
73163
73163
73163
73183
73183
73153
73127
73089
73067
73195
73195
73195
73195
73195
73061
73202
73202
73202
73202
73202
73202
73095
73171
73171
73171
73171
73171
73049
73237
73237
73237
73237
73237
73237
73211
73211
73211
73211
73211
73211
73048
73268
73268
73268
73268
73268
73030
73244
73244
73244
73028
73244
73244
73244
73244
73244
73244
73079
73258
73258
73258
73258
73258
73069
73252
73252
73252
73252
73252
73252
73223
73223
73223
73223
73223
73223
73102
73273
73273
73273
73273
73273
73070
73257
73257
73257
73257
73257
73257
73120
73252
73252
73252
73119
73284
73284
73284
73284
73284
73122
73266
73266
73266
73266
73266
73266
73168
73214
73214
73214
73214
73214
73162
73257
73257
73257
73257
73257
73257
73238
73238
73238
73238
73238
73238
73173
73283
73283
73283
73283
73283
73136
73254
73254
73254
73254
73254
73196
73267
73267
73267
73267
73172
73293
73293
73293
73293
73293
73145
73267
73267
73267
73267
73267
73267
73224
73215
73215
73215
73215
73215
73181
73253
73253
73253
73253
73253
73253
73210
73210
73210
73210
73210
73210
73184
73210
73210
73210
73210
73210
73166
73153
73204
73206
73193
73169
73061
73061
73061
73061
73061
73061
73220
73095
73095
73095
73095
73095
73183
73049
73049
73049
73049
73049
73049
73049
73032
73032
73032
73032
73032
73203
73048
73048
73048
73048
73048
73156
73030
73030
73030
73030
73030
73030
73202
73028
73028
73028
73203
73079
73079
73079
73079
73079
73177
73069
73069
73069
73069
73069
73069
73219
73110
73110
73239
73102
73102
73102
73102
73102
73214
73070
73070
73070
73070
73070
73070
73120
73120
73120
73120
73120
73120
73215
73119
73119
73119
73119
73119
73199
73122
73122
73122
73122
73168
73168
73168
73168
73168
73168
73230
73162
73162
73162
73162
73162
73211
73188
73188
73188
73188
73188
73188
73244
73173
73173
73173
73173
73173
73232
73136
73136
73136
73136
73136
73136
73196
73196
73196
73196
73196
73196
73249
73172
73172
73172
73218
73145
73145
73145
73145
73145
73145
73224
73224
73224
73224
73224
73224
73267
73181
73181
73181
73181
73181
73242
73183
73183
73183
73183
73183
73183
73295
73184
73184
73184
73184
73184
73264
73166
73166
73166
73166
73166
73166
73204
73204
73204
73204
73204
73260
73257
73249
73251
73220
73220
73220
73183
73183
73183
73183
73183
73183
73257
73049
73049
73049
73049
73049
73225
73203
73203
73203
73203
73203
73203
73265
73156
73156
73156
73156
73156
73246
73202
73202
73202
73202
73202
73202
73203
73203
73203
73203
73203
73245
73177
73177
73177
73177
73177
73219
73219
73219
73219
73219
73219
73219
73284
73239
73239
73239
73239
73239
73239
73241
73214
73214
73214
73214
73214
73214
73233
73223
73223
73223
73223
73223
73223
73223
73215
73215
73215
73215
73215
73215
73215
73233
73199
73199
73199
73178
73239
73239
73239
73239
73239
73239
73239
73164
73230
73230
73230
73230
73230
73230
73165
73211
73211
73211
73211
73211
73211
73102
73244
73244
73244
73244
73244
73244
73072
73232
73232
73232
73232
73232
73232
73232
73260
73260
73260
73260
73260
73260
73040
73249
73249
73249
73249
73019
73218
73218
73218
73218
73218
73218
73218
73271
73271
73271
73271
73271
73271
73271
73044
73267
73267
73267
73267
73267
73267
73023
73242
73242
73242
73242
73242
73242
73013
73295
73295
73295
73295
73295
73295
73009
73264
73264
73264
73040
73026
73019
73037
73249
73035
73251
73251
73251
73251
73251
73251
73022
73243
73243
73243
73243
73243
73243
73243
73257
73257
73257
73257
73257
73257
73257
73044
73225
73225
73225
73225
73225
73225
73032
73265
73265
73265
73265
73265
73265
73027
73246
73246
73246
73246
73039
73279
73279
73279
73279
73279
73279
73022
73245
73245
73245
73245
73245
73245
73012
73236
73236
73236
73236
73236
73236
73236
73284
73284
73284
73284
73284
73284
73284
73042
73241
73241
73241
73241
73241
73241
73012
73233
73233
73233
73233
73233
73007
73185
73185
73185
73185
73185
73019
73233
73233
73233
73233
73233
73233
72992
73178
73178
73178
73178
73178
73178
72965
73164
73164
73164
73164
73164
73164
73164
73165
73165
73165
73165
73165
73165
73165
72983
73102
73102
73102
73102
73102
73102
72945
73072
73072
73072
73072
72949
73015
73015
73015
73015
73015
73015
72963
73040
73040
73040
73040
73040
73040
72927
73019
73019
73019
73019
73019
73019
72937
72977
72977
72977
72977
72977
72977
72977
73044
73044
73044
73044
73044
73044
73044
72987
73023
73023
73023
73023
73023
72967
72989
72976
72991
72976
73019
73019
73019
73019
73019
73001
