0.410557184750733
0.400782013685239
0.391006842619746
0.382209188660802
0.372434017595308
0.363636363636364
0.355816226783969
0.348973607038123
0.344086021505376
0.339198435972629
0.335288367546432
0.330400782013685
0.325513196480938
0.320625610948192
0.316715542521994
0.311827956989247
0.30791788856305
0.304007820136852
0.301075268817204
0.298142717497556
0.296187683284457
0.295210166177908
0.293255131964809
0.291300097751711
0.289345063538612
0.285434995112414
0.282502443792766
0.279569892473118
0.27761485826002
0.275659824046921
0.273704789833822
0.271749755620723
0.270772238514174
0.269794721407625
0.269794721407625
0.268817204301075
0.267839687194526
0.266862170087977
0.265884652981427
0.263929618768328
0.262952101661779
0.26099706744868
0.26099706744868
0.260019550342131
0.260019550342131
0.26099706744868
0.26197458455523
0.26197458455523
0.26197458455523
0.262952101661779
0.26197458455523
0.26197458455523
0.26197458455523
0.26099706744868
0.26099706744868
0.26099706744868
0.260019550342131
0.260019550342131
0.26099706744868
0.26099706744868
0.263929618768328
0.269794721407625
0.280547409579668
0.297165200391007
0.321603128054741
0.35386119257087
0.392961876832845
0.439882697947214
0.490713587487781
0.543499511241447
0.588465298142718
0.626588465298143
0.665689149560117
0.698924731182796
0.725317693059629
0.742913000977517
0.752688172043011
0.755620723362659
0.752688172043011
0.745845552297165
0.736070381231672
0.726295210166178
0.717497556207234
0.709677419354839
0.703812316715543
0.700879765395894
0.699902248289345
0.702834799608993
0.706744868035191
0.712609970674487
0.718475073313783
0.72336265884653
0.726295210166178
0.72336265884653
0.715542521994135
0.70772238514174
0.697947214076246
0.686217008797654
0.672531769305963
0.656891495601173
